1,2,4,7,15
19-08-29,00:00:15,22,53,0
19-08-29,00:00:30,22,53,0
19-08-29,00:00:45,22,53,0
19-08-29,00:01:00,22,53,0
19-08-29,00:01:15,22,53,0
19-08-29,00:01:30,22,53,0
19-08-29,00:01:45,22,53,0
19-08-29,00:02:00,22,53,0
19-08-29,00:02:15,22,53,0
19-08-29,00:02:30,22,53,0
19-08-29,00:02:45,22,53,0
19-08-29,00:03:00,22,52,0
19-08-29,00:03:15,22,52,0
19-08-29,00:03:30,22,52,0
19-08-29,00:03:45,22,52,0
19-08-29,00:04:00,22,52,0
19-08-29,00:04:15,22,52,0
19-08-29,00:04:30,22,52,0
19-08-29,00:04:45,22,52,0
19-08-29,00:05:00,22,52,0
19-08-29,00:05:15,22,52,0
19-08-29,00:05:30,22,52,0
19-08-29,00:05:45,22,52,0
19-08-29,00:06:00,22,52,0
19-08-29,00:06:15,22,52,0
19-08-29,00:06:30,22,52,0
19-08-29,00:06:45,22,52,0
19-08-29,00:07:00,22,51,0
19-08-29,00:07:15,22,51,0
19-08-29,00:07:30,22,51,0
19-08-29,00:07:45,22,51,0
19-08-29,00:08:00,22,51,0
19-08-29,00:08:15,22,51,0
19-08-29,00:08:30,22,51,0
19-08-29,00:08:45,22,51,0
19-08-29,00:09:00,22,51,0
19-08-29,00:09:15,22,51,0
19-08-29,00:09:30,22,51,0
19-08-29,00:09:45,22,51,0
19-08-29,00:10:00,22,51,0
19-08-29,00:10:15,22,51,0
19-08-29,00:10:30,22,51,0
19-08-29,00:10:45,22,51,0
19-08-29,00:11:00,22,51,0
19-08-29,00:11:15,22,51,0
19-08-29,00:11:30,22,51,0
19-08-29,00:11:45,22,51,0
19-08-29,00:12:00,22,51,0
19-08-29,00:12:15,22,51,0
19-08-29,00:12:30,22,51,0
19-08-29,00:12:45,22,51,0
19-08-29,00:13:00,22,52,0
19-08-29,00:13:15,22,52,0
19-08-29,00:13:30,22,52,0
19-08-29,00:13:45,22,52,0
19-08-29,00:14:00,22,52,0
19-08-29,00:14:15,22,52,0
19-08-29,00:14:30,22,52,0
19-08-29,00:14:45,22,52,0
19-08-29,00:15:00,22,53,0
19-08-29,00:15:15,22,53,0
19-08-29,00:15:30,22,53,0
19-08-29,00:15:45,22,54,0
19-08-29,00:16:00,22,54,1
19-08-29,00:16:15,21,54,1
19-08-29,00:16:30,21,55,1
19-08-29,00:16:45,21,55,0
19-08-29,00:17:00,21,55,1
19-08-29,00:17:15,21,55,1
19-08-29,00:17:30,21,56,1
19-08-29,00:17:45,21,56,1
19-08-29,00:18:00,21,56,1
19-08-29,00:18:15,21,56,1
19-08-29,00:18:30,21,56,1
19-08-29,00:18:45,21,56,1
19-08-29,00:19:00,21,56,1
19-08-29,00:19:15,21,56,1
19-08-29,00:19:30,21,56,1
19-08-29,00:19:45,21,57,1
19-08-29,00:20:00,21,57,1
19-08-29,00:20:15,21,57,1
19-08-29,00:20:30,21,57,1
19-08-29,00:20:45,21,58,0
19-08-29,00:21:00,21,59,0
19-08-29,00:21:15,21,58,1
19-08-29,00:21:30,21,58,0
19-08-29,00:21:45,21,58,0
19-08-29,00:22:00,21,58,0
19-08-29,00:22:15,21,58,0
19-08-29,00:22:30,21,58,0
19-08-29,00:22:45,21,58,0
19-08-29,00:23:00,21,58,0
19-08-29,00:23:15,21,58,0
19-08-29,00:23:30,21,58,0
19-08-29,00:23:45,21,58,0
19-08-29,00:24:00,21,58,0
19-08-29,00:24:15,21,59,0
19-08-29,00:24:30,21,57,0
19-08-29,00:24:45,21,55,0
19-08-29,00:25:00,21,55,0
19-08-29,00:25:15,21,56,0
19-08-29,00:25:30,21,56,0
19-08-29,00:25:45,21,56,0
19-08-29,00:26:00,21,55,0
19-08-29,00:26:15,21,55,0
19-08-29,00:26:30,21,57,0
19-08-29,00:26:45,21,57,0
19-08-29,00:27:00,21,58,0
19-08-29,00:27:15,21,58,0
19-08-29,00:27:30,21,57,0
19-08-29,00:27:45,21,57,0
19-08-29,00:28:00,21,58,0
19-08-29,00:28:15,21,57,0
19-08-29,00:28:30,21,57,0
19-08-29,00:28:45,21,57,0
19-08-29,00:29:00,21,57,0
19-08-29,00:29:15,21,57,0
19-08-29,00:29:30,21,57,0
19-08-29,00:29:45,21,57,0
19-08-29,00:30:00,21,57,0
19-08-29,00:30:15,21,58,0
19-08-29,00:30:30,21,58,0
19-08-29,00:30:45,21,58,0
19-08-29,00:31:00,21,58,0
19-08-29,00:31:15,21,58,0
19-08-29,00:31:30,21,57,0
19-08-29,00:31:45,21,58,0
19-08-29,00:32:00,21,58,0
19-08-29,00:32:15,21,57,0
19-08-29,00:32:30,21,57,0
19-08-29,00:32:45,21,57,0
19-08-29,00:33:00,21,57,0
19-08-29,00:33:15,21,57,0
19-08-29,00:33:30,21,56,0
19-08-29,00:33:45,21,55,0
19-08-29,00:34:00,21,55,0
19-08-29,00:34:15,21,54,0
19-08-29,00:34:30,21,54,0
19-08-29,00:34:45,21,54,0
19-08-29,00:35:00,21,54,0
19-08-29,00:35:15,21,54,0
19-08-29,00:35:30,21,54,0
19-08-29,00:35:45,21,54,0
19-08-29,00:36:00,21,54,0
19-08-29,00:36:15,21,55,0
19-08-29,00:36:30,21,55,0
19-08-29,00:36:45,21,56,0
19-08-29,00:37:00,21,57,0
19-08-29,00:37:15,21,58,0
19-08-29,00:37:30,21,59,0
19-08-29,00:37:45,21,59,0
19-08-29,00:38:00,21,60,0
19-08-29,00:38:15,21,60,0
19-08-29,00:38:30,21,59,0
19-08-29,00:38:45,21,59,0
19-08-29,00:39:00,21,59,0
19-08-29,00:39:15,21,60,0
19-08-29,00:39:30,21,61,0
19-08-29,00:39:45,21,62,0
19-08-29,00:40:00,21,62,0
19-08-29,00:40:15,21,62,0
19-08-29,00:40:30,21,62,0
19-08-29,00:40:45,21,63,0
19-08-29,00:41:00,21,63,0
19-08-29,00:41:15,21,63,0
19-08-29,00:41:30,21,63,1
19-08-29,00:41:45,21,63,1
19-08-29,00:42:00,21,63,1
19-08-29,00:42:15,21,63,1
19-08-29,00:42:30,21,63,0
19-08-29,00:42:45,21,63,1
19-08-29,00:43:00,20,63,1
19-08-29,00:43:15,20,63,1
19-08-29,00:43:30,20,63,1
19-08-29,00:43:45,20,63,1
19-08-29,00:44:00,20,63,1
19-08-29,00:44:15,20,63,0
19-08-29,00:44:30,20,63,1
19-08-29,00:44:45,20,63,1
19-08-29,00:45:00,20,63,1
19-08-29,00:45:15,20,63,0
19-08-29,00:45:30,20,62,0
19-08-29,00:45:45,20,62,0
19-08-29,00:46:00,20,62,0
19-08-29,00:46:15,20,62,0
19-08-29,00:46:30,20,62,0
19-08-29,00:46:45,20,62,0
19-08-29,00:47:00,20,62,0
19-08-29,00:47:15,20,62,0
19-08-29,00:47:30,20,62,0
19-08-29,00:47:45,20,62,0
19-08-29,00:48:00,20,62,0
19-08-29,00:48:15,20,62,0
19-08-29,00:48:30,20,62,0
19-08-29,00:48:45,20,62,0
19-08-29,00:49:00,20,62,0
19-08-29,00:49:15,20,62,0
19-08-29,00:49:30,20,62,0
19-08-29,00:49:45,20,62,0
19-08-29,00:50:00,20,62,0
19-08-29,00:50:15,20,61,0
19-08-29,00:50:30,20,61,0
19-08-29,00:50:45,21,61,0
19-08-29,00:51:00,21,61,0
19-08-29,00:51:15,20,61,0
19-08-29,00:51:30,20,62,0
19-08-29,00:51:45,20,62,0
19-08-29,00:52:00,20,62,0
19-08-29,00:52:15,20,62,0
19-08-29,00:52:30,20,62,0
19-08-29,00:52:45,20,62,0
19-08-29,00:53:00,20,62,0
19-08-29,00:53:15,20,62,0
19-08-29,00:53:30,20,62,0
19-08-29,00:53:45,20,62,0
19-08-29,00:54:00,20,62,0
19-08-29,00:54:15,20,62,0
19-08-29,00:54:30,20,62,0
19-08-29,00:54:45,20,62,0
19-08-29,00:55:00,20,62,0
19-08-29,00:55:15,20,62,0
19-08-29,00:55:30,20,62,0
19-08-29,00:55:45,20,62,0
19-08-29,00:56:00,20,62,0
19-08-29,00:56:15,20,62,0
19-08-29,00:56:30,20,62,0
19-08-29,00:56:45,20,62,0
19-08-29,00:57:00,20,62,0
19-08-29,00:57:15,20,62,0
19-08-29,00:57:30,20,62,0
19-08-29,00:57:45,20,63,0
19-08-29,00:58:00,20,63,0
19-08-29,00:58:15,20,63,0
19-08-29,00:58:30,20,63,0
19-08-29,00:58:45,20,63,0
19-08-29,00:59:00,20,63,0
19-08-29,00:59:15,20,63,0
19-08-29,00:59:30,20,63,0
19-08-29,00:59:45,20,63,0
19-08-29,01:00:00,20,63,0
19-08-29,01:00:15,20,63,0
19-08-29,01:00:30,20,63,0
19-08-29,01:01:00,20,64,1
19-08-29,01:01:15,20,64,0
19-08-29,01:01:30,20,64,0
19-08-29,01:01:45,20,63,0
19-08-29,01:02:00,20,63,0
19-08-29,01:02:15,20,63,0
19-08-29,01:02:30,20,63,0
19-08-29,01:02:45,20,63,0
19-08-29,01:03:00,20,63,0
19-08-29,01:03:15,20,64,0
19-08-29,01:03:30,20,64,0
19-08-29,01:03:45,20,64,0
19-08-29,01:04:00,20,64,0
19-08-29,01:04:15,20,64,0
19-08-29,01:04:30,20,64,0
19-08-29,01:04:45,20,64,0
19-08-29,01:05:00,20,64,0
19-08-29,01:05:15,20,64,0
19-08-29,01:05:30,20,64,0
19-08-29,01:05:45,20,64,0
19-08-29,01:06:00,20,65,0
19-08-29,01:06:15,20,65,0
19-08-29,01:06:30,20,66,0
19-08-29,01:06:45,20,65,0
19-08-29,01:07:00,20,65,0
19-08-29,01:07:15,20,66,0
19-08-29,01:07:30,20,66,0
19-08-29,01:07:45,20,67,0
19-08-29,01:08:00,20,67,0
19-08-29,01:08:15,20,68,0
19-08-29,01:08:30,20,68,0
19-08-29,01:08:45,20,69,0
19-08-29,01:09:00,20,69,0
19-08-29,01:09:15,20,70,0
19-08-29,01:09:30,20,69,0
19-08-29,01:09:45,20,69,0
19-08-29,01:10:00,20,69,0
19-08-29,01:10:15,20,68,0
19-08-29,01:10:30,20,68,0
19-08-29,01:10:45,20,69,0
19-08-29,01:11:00,20,69,0
19-08-29,01:11:15,20,68,0
19-08-29,01:11:30,20,68,0
19-08-29,01:11:45,20,68,0
19-08-29,01:12:00,20,68,0
19-08-29,01:12:15,20,68,0
19-08-29,01:12:30,20,68,0
19-08-29,01:12:45,20,68,0
19-08-29,01:13:00,20,68,0
19-08-29,01:13:15,20,68,0
19-08-29,01:13:30,20,69,0
19-08-29,01:13:45,20,70,0
19-08-29,01:14:00,20,70,0
19-08-29,01:14:15,20,70,0
19-08-29,01:14:30,20,70,0
19-08-29,01:14:45,20,71,0
19-08-29,01:15:00,20,70,0
19-08-29,01:15:15,20,70,0
19-08-29,01:15:30,20,70,0
19-08-29,01:15:45,20,70,0
19-08-29,01:16:00,20,71,0
19-08-29,01:16:15,20,71,0
19-08-29,01:16:30,20,71,0
19-08-29,01:16:45,20,71,0
19-08-29,01:17:00,20,70,0
19-08-29,01:17:15,20,70,0
19-08-29,01:17:30,20,70,0
19-08-29,01:17:45,20,70,0
19-08-29,01:18:00,20,70,0
19-08-29,01:18:15,20,70,0
19-08-29,01:18:30,20,70,0
19-08-29,01:18:45,20,70,0
19-08-29,01:19:00,20,70,0
19-08-29,01:19:15,20,70,0
19-08-29,01:19:30,20,70,0
19-08-29,01:19:45,20,69,0
19-08-29,01:20:00,20,69,0
19-08-29,01:20:15,20,69,0
19-08-29,01:20:30,20,69,0
19-08-29,01:20:45,20,69,0
19-08-29,01:21:00,20,69,0
19-08-29,01:21:15,20,69,0
19-08-29,01:21:30,20,69,0
19-08-29,01:21:45,20,69,0
19-08-29,01:22:00,20,69,0
19-08-29,01:22:15,20,69,0
19-08-29,01:22:30,20,69,0
19-08-29,01:22:45,20,69,0
19-08-29,01:23:00,20,69,0
19-08-29,01:23:15,20,68,0
19-08-29,01:23:30,20,68,0
19-08-29,01:23:45,20,68,0
19-08-29,01:24:15,20,67,0
19-08-29,01:24:30,20,66,0
19-08-29,01:24:45,20,66,0
19-08-29,01:25:00,20,65,0
19-08-29,01:25:15,20,65,0
19-08-29,01:25:30,20,65,0
19-08-29,01:25:45,20,65,0
19-08-29,01:26:00,20,64,0
19-08-29,01:26:15,20,64,0
19-08-29,01:26:30,20,63,0
19-08-29,01:26:45,20,63,0
19-08-29,01:27:00,20,63,0
19-08-29,01:27:15,20,62,0
19-08-29,01:27:30,20,62,0
19-08-29,01:27:45,20,62,0
19-08-29,01:28:00,20,62,0
19-08-29,01:28:15,20,62,0
19-08-29,01:28:30,20,61,0
19-08-29,01:28:45,20,61,0
19-08-29,01:29:00,20,61,0
19-08-29,01:29:15,20,61,0
19-08-29,01:29:30,20,61,0
19-08-29,01:29:45,20,61,0
19-08-29,01:30:00,20,60,0
19-08-29,01:30:15,20,60,0
19-08-29,01:30:30,20,60,0
19-08-29,01:30:45,20,60,0
19-08-29,01:31:00,20,60,0
19-08-29,01:31:15,20,60,0
19-08-29,01:31:30,20,60,0
19-08-29,01:31:45,20,59,0
19-08-29,01:32:00,20,59,0
19-08-29,01:32:15,20,59,0
19-08-29,01:32:30,20,59,0
19-08-29,01:32:45,20,60,0
19-08-29,01:33:00,20,60,0
19-08-29,01:33:15,20,60,0
19-08-29,01:33:30,20,60,0
19-08-29,01:33:45,20,60,0
19-08-29,01:34:00,20,60,0
19-08-29,01:34:15,20,60,0
19-08-29,01:34:30,20,60,0
19-08-29,01:34:45,20,60,0
19-08-29,01:35:00,20,60,0
19-08-29,01:35:15,20,59,0
19-08-29,01:35:30,20,59,0
19-08-29,01:35:45,20,58,0
19-08-29,01:36:00,20,57,0
19-08-29,01:36:15,20,57,0
19-08-29,01:36:30,20,57,0
19-08-29,01:36:45,20,58,0
19-08-29,01:37:00,20,58,0
19-08-29,01:37:15,20,58,0
19-08-29,01:37:30,20,59,0
19-08-29,01:37:45,20,59,0
19-08-29,01:38:00,20,59,0
19-08-29,01:38:15,20,59,0
19-08-29,01:38:30,20,60,0
19-08-29,01:38:45,20,60,0
19-08-29,01:39:00,20,60,0
19-08-29,01:39:15,20,60,0
19-08-29,01:39:30,20,60,0
19-08-29,01:39:45,20,60,0
19-08-29,01:40:00,20,60,0
19-08-29,01:40:15,20,61,0
19-08-29,01:40:30,20,61,0
19-08-29,01:40:45,20,61,0
19-08-29,01:41:00,20,61,0
19-08-29,01:41:15,20,61,0
19-08-29,01:41:30,20,61,0
19-08-29,01:41:45,20,61,0
19-08-29,01:42:00,20,61,0
19-08-29,01:42:15,20,61,0
19-08-29,01:42:30,20,61,0
19-08-29,01:42:45,20,61,0
19-08-29,01:43:00,20,61,0
19-08-29,01:43:15,20,62,0
19-08-29,01:43:30,20,62,0
19-08-29,01:43:45,20,62,0
19-08-29,01:44:00,20,62,0
19-08-29,01:44:15,20,62,0
19-08-29,01:44:30,20,62,0
19-08-29,01:44:45,20,62,0
19-08-29,01:45:00,20,62,0
19-08-29,01:45:15,20,62,0
19-08-29,01:45:30,20,62,0
19-08-29,01:45:45,20,62,0
19-08-29,01:46:00,20,62,0
19-08-29,01:46:15,20,62,0
19-08-29,01:46:30,20,62,0
19-08-29,01:46:45,20,62,0
19-08-29,01:47:00,20,62,0
19-08-29,01:47:15,20,62,0
19-08-29,01:47:30,20,62,0
19-08-29,01:47:45,20,63,0
19-08-29,01:48:00,20,63,0
19-08-29,01:48:15,20,63,0
19-08-29,01:48:30,20,63,0
19-08-29,01:48:45,20,63,0
19-08-29,01:49:00,20,63,0
19-08-29,01:49:15,20,63,0
19-08-29,01:49:30,20,63,0
19-08-29,01:49:45,20,63,0
19-08-29,01:50:00,20,64,0
19-08-29,01:50:15,20,64,0
19-08-29,01:50:30,20,64,0
19-08-29,01:50:45,20,63,0
19-08-29,01:51:00,20,63,0
19-08-29,01:51:15,20,64,0
19-08-29,01:51:30,20,63,0
19-08-29,01:51:45,20,63,0
19-08-29,01:52:00,20,63,0
19-08-29,01:52:15,20,63,0
19-08-29,01:52:30,20,64,0
19-08-29,01:52:45,20,64,0
19-08-29,01:53:00,20,64,0
19-08-29,01:53:15,20,64,0
19-08-29,01:53:30,20,65,0
19-08-29,01:53:45,20,66,0
19-08-29,01:54:00,20,66,0
19-08-29,01:54:15,20,66,0
19-08-29,01:54:30,20,66,0
19-08-29,01:54:45,20,66,0
19-08-29,01:55:00,20,66,0
19-08-29,01:55:15,20,66,0
19-08-29,01:55:30,20,66,0
19-08-29,01:55:45,20,66,0
19-08-29,01:56:00,20,66,0
19-08-29,01:56:15,20,66,0
19-08-29,01:56:30,20,65,0
19-08-29,01:56:45,20,65,0
19-08-29,01:57:00,20,65,0
19-08-29,01:57:15,20,65,0
19-08-29,01:57:30,20,65,0
19-08-29,01:57:45,20,65,0
19-08-29,01:58:00,20,65,0
19-08-29,01:58:15,20,65,0
19-08-29,01:58:30,20,65,0
19-08-29,01:58:45,20,65,0
19-08-29,01:59:00,20,65,0
19-08-29,01:59:15,20,65,0
19-08-29,01:59:30,20,64,0
19-08-29,01:59:45,20,64,0
19-08-29,02:00:00,20,64,0
19-08-29,02:00:15,20,64,0
19-08-29,02:00:30,20,64,0
19-08-29,02:00:45,20,64,0
19-08-29,02:01:00,20,63,0
19-08-29,02:01:15,20,63,0
19-08-29,02:01:30,20,63,0
19-08-29,02:01:45,20,62,0
19-08-29,02:02:00,20,61,0
19-08-29,02:02:15,20,61,0
19-08-29,02:02:30,20,60,0
19-08-29,02:02:45,20,59,0
19-08-29,02:03:00,20,58,0
19-08-29,02:03:15,20,58,0
19-08-29,02:03:30,20,57,0
19-08-29,02:03:45,20,56,0
19-08-29,02:04:00,20,56,0
19-08-29,02:04:15,20,56,0
19-08-29,02:04:30,20,55,0
19-08-29,02:04:45,20,55,0
19-08-29,02:05:00,20,54,0
19-08-29,02:05:15,20,54,0
19-08-29,02:05:30,20,53,0
19-08-29,02:05:45,20,53,0
19-08-29,02:06:00,20,53,0
19-08-29,02:06:15,20,53,0
19-08-29,02:06:30,20,52,0
19-08-29,02:06:45,20,52,0
19-08-29,02:07:00,20,52,0
19-08-29,02:07:15,20,52,0
19-08-29,02:07:30,20,51,0
19-08-29,02:07:45,20,51,0
19-08-29,02:08:00,20,51,0
19-08-29,02:08:15,21,51,0
19-08-29,02:08:30,21,51,0
19-08-29,02:08:45,21,51,0
19-08-29,02:09:00,21,51,0
19-08-29,02:09:15,21,51,0
19-08-29,02:09:30,21,51,0
19-08-29,02:09:45,21,51,0
19-08-29,02:10:00,21,51,0
19-08-29,02:10:15,21,50,0
19-08-29,02:10:30,21,50,0
19-08-29,02:10:45,21,50,0
19-08-29,02:11:00,21,50,0
19-08-29,02:11:15,21,50,0
19-08-29,02:11:30,21,50,0
19-08-29,02:11:45,21,50,0
19-08-29,02:12:00,21,50,0
19-08-29,02:12:15,21,50,0
19-08-29,02:12:30,21,50,0
19-08-29,02:12:45,21,50,0
19-08-29,02:13:00,21,50,0
19-08-29,02:13:15,21,50,0
19-08-29,02:13:30,21,51,0
19-08-29,02:13:45,21,51,0
19-08-29,02:14:00,21,51,0
19-08-29,02:14:15,21,51,0
19-08-29,02:14:30,21,51,0
19-08-29,02:14:45,21,51,0
19-08-29,02:15:00,21,51,0
19-08-29,02:15:15,21,51,0
19-08-29,02:15:30,21,51,0
19-08-29,02:15:45,21,51,0
19-08-29,02:16:00,21,52,0
19-08-29,02:16:15,21,52,0
19-08-29,02:16:30,21,52,0
19-08-29,02:16:45,21,52,0
19-08-29,02:17:00,21,53,0
19-08-29,02:17:15,21,53,0
19-08-29,02:17:30,21,53,0
19-08-29,02:17:45,21,53,0
19-08-29,02:18:00,21,53,0
19-08-29,02:18:15,21,53,0
19-08-29,02:18:30,21,53,0
19-08-29,02:18:45,21,53,0
19-08-29,02:19:00,21,53,0
19-08-29,02:19:15,21,53,0
19-08-29,02:19:30,21,53,0
19-08-29,02:19:45,21,53,0
19-08-29,02:20:00,21,53,0
19-08-29,02:20:15,21,53,0
19-08-29,02:20:30,21,53,0
19-08-29,02:20:45,21,52,0
19-08-29,02:21:00,21,52,0
19-08-29,02:21:15,21,53,0
19-08-29,02:21:30,21,53,0
19-08-29,02:21:45,21,52,0
19-08-29,02:22:00,21,52,0
19-08-29,02:22:15,21,52,0
19-08-29,02:22:30,21,52,0
19-08-29,02:22:45,21,52,0
19-08-29,02:23:00,21,52,0
19-08-29,02:23:15,21,53,0
19-08-29,02:23:30,21,53,0
19-08-29,02:23:45,21,53,0
19-08-29,02:24:00,21,53,0
19-08-29,02:24:15,21,54,0
19-08-29,02:24:30,21,53,0
19-08-29,02:24:45,21,53,0
19-08-29,02:25:00,21,53,0
19-08-29,02:25:15,21,53,0
19-08-29,02:25:30,21,53,0
19-08-29,02:25:45,21,52,0
19-08-29,02:26:00,21,52,0
19-08-29,02:26:15,21,52,0
19-08-29,02:26:30,21,52,0
19-08-29,02:26:45,21,52,0
19-08-29,02:27:00,21,53,0
19-08-29,02:27:15,21,53,0
19-08-29,02:27:30,21,52,0
19-08-29,02:27:45,21,52,0
19-08-29,02:28:00,21,52,0
19-08-29,02:28:15,21,52,0
19-08-29,02:28:30,21,51,0
19-08-29,02:28:45,21,51,0
19-08-29,02:29:00,21,51,0
19-08-29,02:29:15,21,51,0
19-08-29,02:29:30,21,50,0
19-08-29,02:29:45,21,50,0
19-08-29,02:30:00,21,50,0
19-08-29,02:30:15,21,49,0
19-08-29,02:30:30,21,49,0
19-08-29,02:30:45,21,49,0
19-08-29,02:31:00,21,49,0
19-08-29,02:31:15,21,49,0
19-08-29,02:31:30,21,50,0
19-08-29,02:31:45,21,50,0
19-08-29,02:32:00,21,50,0
19-08-29,02:32:15,21,50,0
19-08-29,02:32:30,21,50,0
19-08-29,02:32:45,21,50,0
19-08-29,02:33:00,21,50,0
19-08-29,02:33:15,21,50,0
19-08-29,02:33:30,21,50,0
19-08-29,02:33:45,21,50,0
19-08-29,02:34:00,21,50,0
19-08-29,02:34:15,21,50,0
19-08-29,02:34:30,21,50,0
19-08-29,02:34:45,21,50,0
19-08-29,02:35:00,21,50,0
19-08-29,02:35:15,21,50,0
19-08-29,02:35:30,21,50,0
19-08-29,02:35:45,21,50,0
19-08-29,02:36:00,21,50,0
19-08-29,02:36:15,20,50,0
19-08-29,02:36:30,20,51,0
19-08-29,02:36:45,20,51,0
19-08-29,02:37:00,20,52,0
19-08-29,02:37:15,20,53,0
19-08-29,02:37:30,20,53,0
19-08-29,02:37:45,20,53,0
19-08-29,02:38:00,20,53,0
19-08-29,02:38:15,20,54,0
19-08-29,02:38:30,20,54,0
19-08-29,02:38:45,20,54,0
19-08-29,02:39:00,20,54,0
19-08-29,02:39:15,20,54,0
19-08-29,02:39:30,20,54,0
19-08-29,02:39:45,20,55,0
19-08-29,02:40:00,20,55,0
19-08-29,02:40:15,20,55,0
19-08-29,02:40:30,20,55,0
19-08-29,02:40:45,20,55,0
19-08-29,02:41:00,20,55,0
19-08-29,02:41:15,20,54,0
19-08-29,02:41:30,20,54,0
19-08-29,02:41:45,20,55,0
19-08-29,02:42:00,20,55,0
19-08-29,02:42:15,20,55,0
19-08-29,02:42:30,20,56,0
19-08-29,02:42:45,20,57,0
19-08-29,02:43:00,20,58,0
19-08-29,02:43:15,20,59,0
19-08-29,02:43:30,20,60,0
19-08-29,02:43:45,20,60,0
19-08-29,02:44:00,20,61,0
19-08-29,02:44:15,20,60,0
19-08-29,02:44:30,20,60,0
19-08-29,02:44:45,20,60,0
19-08-29,02:45:00,20,60,0
19-08-29,02:45:15,20,62,0
19-08-29,02:45:30,20,62,0
19-08-29,02:45:45,20,62,0
19-08-29,02:46:00,20,65,0
19-08-29,02:46:15,20,64,0
19-08-29,02:46:30,20,65,0
19-08-29,02:46:45,20,65,0
19-08-29,02:47:00,20,65,0
19-08-29,02:47:15,20,66,0
19-08-29,02:47:30,20,66,0
19-08-29,02:47:45,20,68,0
19-08-29,02:48:00,20,68,0
19-08-29,02:48:15,20,68,0
19-08-29,02:48:30,20,68,0
19-08-29,02:48:45,20,68,0
19-08-29,02:49:00,20,68,0
19-08-29,02:49:15,20,68,0
19-08-29,02:49:30,20,68,0
19-08-29,02:49:45,20,68,0
19-08-29,02:50:00,20,68,0
19-08-29,02:50:15,20,68,0
19-08-29,02:50:30,20,68,0
19-08-29,02:50:45,20,68,0
19-08-29,02:51:00,20,68,0
19-08-29,02:51:15,20,69,0
19-08-29,02:51:30,20,69,0
19-08-29,02:51:45,20,68,0
19-08-29,02:52:00,20,68,0
19-08-29,02:52:15,20,68,0
19-08-29,02:52:30,20,68,0
19-08-29,02:52:45,20,67,0
19-08-29,02:53:00,20,67,1
19-08-29,02:53:15,20,67,0
19-08-29,02:53:30,20,66,0
19-08-29,02:53:45,20,66,0
19-08-29,02:54:00,20,66,0
19-08-29,02:54:15,20,66,0
19-08-29,02:54:30,20,66,0
19-08-29,02:54:45,20,66,0
19-08-29,02:55:00,20,65,0
19-08-29,02:55:15,20,65,0
19-08-29,02:55:30,20,65,0
19-08-29,02:55:45,20,65,0
19-08-29,02:56:00,20,65,0
19-08-29,02:56:15,20,65,0
19-08-29,02:56:30,20,65,0
19-08-29,02:56:45,20,65,0
19-08-29,02:57:00,20,64,0
19-08-29,02:57:15,20,64,0
19-08-29,02:57:30,20,64,0
19-08-29,02:57:45,20,64,0
19-08-29,02:58:00,20,64,0
19-08-29,02:58:15,20,64,0
19-08-29,02:58:30,20,64,0
19-08-29,02:58:45,20,63,0
19-08-29,02:59:00,20,62,0
19-08-29,02:59:15,20,60,0
19-08-29,02:59:30,20,61,0
19-08-29,02:59:45,20,60,0
19-08-29,03:00:00,20,60,0
19-08-29,03:00:15,20,58,0
19-08-29,03:00:30,20,57,0
19-08-29,03:00:45,20,58,0
19-08-29,03:01:00,20,57,0
19-08-29,03:01:15,20,56,0
19-08-29,03:01:30,20,56,0
19-08-29,03:01:45,20,55,0
19-08-29,03:02:00,20,55,0
19-08-29,03:02:15,20,55,0
19-08-29,03:02:30,20,55,0
19-08-29,03:02:45,20,55,0
19-08-29,03:03:00,21,55,0
19-08-29,03:03:15,21,55,0
19-08-29,03:03:30,21,55,0
19-08-29,03:03:45,21,55,0
19-08-29,03:04:00,21,55,0
19-08-29,03:04:15,21,55,0
19-08-29,03:04:30,21,55,0
19-08-29,03:04:45,21,55,0
19-08-29,03:05:00,21,56,0
19-08-29,03:05:15,21,56,0
19-08-29,03:05:30,21,55,0
19-08-29,03:05:45,21,55,0
19-08-29,03:06:00,21,55,0
19-08-29,03:06:15,21,55,0
19-08-29,03:06:30,21,55,0
19-08-29,03:06:45,21,55,0
19-08-29,03:07:00,21,55,0
19-08-29,03:07:15,21,55,0
19-08-29,03:07:30,21,55,0
19-08-29,03:07:45,21,55,0
19-08-29,03:08:00,21,54,0
19-08-29,03:08:15,21,54,0
19-08-29,03:08:30,21,55,0
19-08-29,03:08:45,21,55,0
19-08-29,03:09:00,21,55,0
19-08-29,03:09:15,21,54,0
19-08-29,03:09:30,21,54,0
19-08-29,03:09:45,21,54,0
19-08-29,03:10:00,21,53,0
19-08-29,03:10:15,21,53,0
19-08-29,03:10:30,21,52,0
19-08-29,03:10:45,21,52,0
19-08-29,03:11:00,21,52,0
19-08-29,03:11:15,21,52,0
19-08-29,03:11:30,21,52,0
19-08-29,03:11:45,21,52,0
19-08-29,03:12:00,21,52,0
19-08-29,03:12:15,21,52,0
19-08-29,03:12:30,21,52,0
19-08-29,03:12:45,21,51,0
19-08-29,03:13:00,21,51,0
19-08-29,03:13:15,21,52,0
19-08-29,03:13:30,21,52,0
19-08-29,03:13:45,21,52,0
19-08-29,03:14:00,21,52,0
19-08-29,03:14:15,21,52,0
19-08-29,03:14:30,21,52,0
19-08-29,03:14:45,21,52,0
19-08-29,03:15:00,21,52,0
19-08-29,03:15:15,21,53,0
19-08-29,03:15:30,21,53,0
19-08-29,03:15:45,21,53,0
19-08-29,03:16:00,21,53,0
19-08-29,03:16:15,21,54,0
19-08-29,03:16:30,21,55,0
19-08-29,03:16:45,21,56,0
19-08-29,03:17:00,21,56,0
19-08-29,03:17:15,21,57,0
19-08-29,03:17:30,21,57,0
19-08-29,03:17:45,20,58,0
19-08-29,03:18:00,20,58,0
19-08-29,03:18:15,20,58,0
19-08-29,03:18:30,20,58,1
19-08-29,03:18:45,20,58,1
19-08-29,03:19:00,20,58,1
19-08-29,03:19:15,20,58,1
19-08-29,03:19:30,20,58,1
19-08-29,03:19:45,20,59,1
19-08-29,03:20:00,20,59,1
19-08-29,03:20:15,20,59,1
19-08-29,03:20:30,20,60,1
19-08-29,03:20:45,20,60,1
19-08-29,03:21:00,20,60,1
19-08-29,03:21:15,20,60,1
19-08-29,03:21:30,20,60,1
19-08-29,03:21:45,20,60,1
19-08-29,03:22:00,20,60,1
19-08-29,03:22:15,20,60,1
19-08-29,03:22:30,20,60,1
19-08-29,03:22:45,20,60,1
19-08-29,03:23:00,20,61,1
19-08-29,03:23:15,20,61,1
19-08-29,03:23:30,20,61,1
19-08-29,03:23:45,20,61,1
19-08-29,03:24:00,20,61,1
19-08-29,03:24:15,20,61,1
19-08-29,03:24:30,20,61,1
19-08-29,03:24:45,20,61,1
19-08-29,03:25:00,20,61,1
19-08-29,03:25:15,20,61,0
19-08-29,03:25:30,20,60,1
19-08-29,03:25:45,20,60,1
19-08-29,03:26:00,20,59,1
19-08-29,03:26:15,20,59,0
19-08-29,03:26:30,20,59,0
19-08-29,03:26:45,20,58,0
19-08-29,03:27:00,20,57,0
19-08-29,03:27:15,20,57,0
19-08-29,03:27:30,20,58,0
19-08-29,03:27:45,20,58,0
19-08-29,03:28:00,20,57,0
19-08-29,03:28:15,20,57,0
19-08-29,03:28:30,20,58,0
19-08-29,03:28:45,20,58,0
19-08-29,03:29:00,20,58,0
19-08-29,03:29:15,20,58,0
19-08-29,03:29:30,20,58,0
19-08-29,03:29:45,20,57,0
19-08-29,03:30:00,20,57,0
19-08-29,03:30:15,20,57,0
19-08-29,03:30:30,20,57,0
19-08-29,03:30:45,20,56,0
19-08-29,03:31:00,20,56,0
19-08-29,03:31:15,20,56,0
19-08-29,03:31:30,20,56,0
19-08-29,03:31:45,20,56,0
19-08-29,03:32:00,20,56,0
19-08-29,03:32:15,20,56,0
19-08-29,03:32:30,20,56,0
19-08-29,03:32:45,20,56,0
19-08-29,03:33:00,20,55,0
19-08-29,03:33:15,20,55,0
19-08-29,03:33:30,20,55,0
19-08-29,03:33:45,20,56,0
19-08-29,03:34:00,20,56,0
19-08-29,03:34:15,20,56,0
19-08-29,03:34:30,20,56,0
19-08-29,03:34:45,20,56,0
19-08-29,03:35:00,20,56,0
19-08-29,03:35:15,20,56,0
19-08-29,03:35:30,20,55,0
19-08-29,03:35:45,20,55,0
19-08-29,03:36:00,20,55,0
19-08-29,03:36:15,20,54,0
19-08-29,03:36:30,20,54,0
19-08-29,03:36:45,20,55,0
19-08-29,03:37:00,20,54,0
19-08-29,03:37:15,20,55,0
19-08-29,03:37:30,20,55,0
19-08-29,03:37:45,20,54,0
19-08-29,03:38:00,20,54,0
19-08-29,03:38:15,20,55,0
19-08-29,03:38:30,20,55,0
19-08-29,03:38:45,20,55,0
19-08-29,03:39:00,20,55,0
19-08-29,03:39:15,20,55,0
19-08-29,03:39:30,20,55,0
19-08-29,03:39:45,20,55,0
19-08-29,03:40:00,20,55,0
19-08-29,03:40:15,20,55,0
19-08-29,03:40:30,20,54,0
19-08-29,03:40:45,20,54,0
19-08-29,03:41:00,20,54,0
19-08-29,03:41:15,20,54,0
19-08-29,03:41:30,20,55,0
19-08-29,03:41:45,20,56,0
19-08-29,03:42:00,20,57,0
19-08-29,03:42:15,20,57,0
19-08-29,03:42:30,20,58,0
19-08-29,03:42:45,20,58,0
19-08-29,03:43:00,20,58,0
19-08-29,03:43:15,20,58,0
19-08-29,03:43:30,19,57,0
19-08-29,03:43:45,19,57,0
19-08-29,03:44:00,19,57,0
19-08-29,03:44:15,19,58,0
19-08-29,03:44:30,19,58,0
19-08-29,03:44:45,19,58,0
19-08-29,03:45:00,19,58,1
19-08-29,03:45:15,19,58,1
19-08-29,03:45:30,19,58,1
19-08-29,03:45:45,19,58,0
19-08-29,03:46:00,19,58,1
19-08-29,03:46:15,19,58,0
19-08-29,03:46:30,19,58,1
19-08-29,03:46:45,19,58,1
19-08-29,03:47:00,19,58,0
19-08-29,03:47:15,19,58,0
19-08-29,03:47:30,19,58,0
19-08-29,03:47:45,19,58,0
19-08-29,03:48:00,19,58,0
19-08-29,03:48:15,19,58,0
19-08-29,03:48:30,19,58,0
19-08-29,03:48:45,19,58,0
19-08-29,03:49:00,19,59,0
19-08-29,03:49:15,19,59,0
19-08-29,03:49:30,19,59,0
19-08-29,03:49:45,19,60,0
19-08-29,03:50:00,19,61,0
19-08-29,03:50:15,19,61,0
19-08-29,03:50:30,19,63,0
19-08-29,03:50:45,19,61,0
19-08-29,03:51:00,19,60,0
19-08-29,03:51:15,19,62,0
19-08-29,03:51:30,19,64,0
19-08-29,03:51:45,19,64,0
19-08-29,03:52:00,20,63,0
19-08-29,03:52:15,20,63,0
19-08-29,03:52:30,20,63,0
19-08-29,03:52:45,20,63,0
19-08-29,03:53:00,19,64,0
19-08-29,03:53:15,19,64,0
19-08-29,03:53:30,19,64,0
19-08-29,03:53:45,20,64,0
19-08-29,03:54:00,19,64,0
19-08-29,03:54:15,19,64,0
19-08-29,03:54:30,19,64,0
19-08-29,03:54:45,19,63,0
19-08-29,03:55:00,19,63,0
19-08-29,03:55:15,19,62,0
19-08-29,03:55:30,19,62,0
19-08-29,03:55:45,19,62,0
19-08-29,03:56:00,19,62,0
19-08-29,03:56:15,19,62,0
19-08-29,03:56:30,19,62,0
19-08-29,03:56:45,19,62,0
19-08-29,03:57:00,19,62,0
19-08-29,03:57:15,19,62,0
19-08-29,03:57:30,19,62,0
19-08-29,03:57:45,19,62,0
19-08-29,03:58:00,19,63,0
19-08-29,03:58:15,19,63,0
19-08-29,03:58:30,19,62,0
19-08-29,03:58:45,19,62,0
19-08-29,03:59:00,19,62,0
19-08-29,03:59:15,19,63,0
19-08-29,03:59:30,19,63,0
19-08-29,03:59:45,19,63,0
19-08-29,04:00:00,19,63,0
19-08-29,04:00:15,19,62,0
19-08-29,04:00:30,19,61,0
19-08-29,04:00:45,19,61,0
19-08-29,04:01:00,19,61,0
19-08-29,04:01:15,19,61,0
19-08-29,04:01:30,19,61,0
19-08-29,04:01:45,19,60,0
19-08-29,04:02:00,19,60,0
19-08-29,04:02:15,19,60,0
19-08-29,04:02:30,19,60,0
19-08-29,04:02:45,19,60,0
19-08-29,04:03:00,19,60,0
19-08-29,04:03:15,19,60,0
19-08-29,04:03:30,19,60,0
19-08-29,04:03:45,19,60,0
19-08-29,04:04:00,19,60,0
19-08-29,04:04:15,19,60,0
19-08-29,04:04:30,19,60,0
19-08-29,04:04:45,19,60,0
19-08-29,04:05:00,19,60,0
19-08-29,04:05:15,19,60,0
19-08-29,04:05:30,19,59,0
19-08-29,04:05:45,19,59,0
19-08-29,04:06:00,19,59,0
19-08-29,04:06:15,19,59,0
19-08-29,04:06:30,19,58,0
19-08-29,04:06:45,19,58,0
19-08-29,04:07:00,19,58,0
19-08-29,04:07:15,19,58,0
19-08-29,04:07:30,19,57,0
19-08-29,04:07:45,19,58,0
19-08-29,04:08:00,19,57,0
19-08-29,04:08:15,19,57,0
19-08-29,04:08:30,19,57,0
19-08-29,04:08:45,19,57,0
19-08-29,04:09:00,19,57,0
19-08-29,04:09:15,19,56,0
19-08-29,04:09:30,19,56,0
19-08-29,04:09:45,19,56,0
19-08-29,04:10:00,19,56,0
19-08-29,04:10:15,19,56,0
19-08-29,04:10:30,19,56,0
19-08-29,04:10:45,19,56,0
19-08-29,04:11:00,19,55,0
19-08-29,04:11:15,19,55,0
19-08-29,04:11:30,19,56,0
19-08-29,04:11:45,19,56,0
19-08-29,04:12:00,19,57,0
19-08-29,04:12:15,19,56,0
19-08-29,04:12:30,19,56,0
19-08-29,04:12:45,19,56,0
19-08-29,04:13:00,19,56,0
19-08-29,04:13:15,19,56,0
19-08-29,04:13:30,19,55,0
19-08-29,04:13:45,19,56,0
19-08-29,04:14:00,19,56,0
19-08-29,04:14:15,19,56,0
19-08-29,04:14:30,19,56,0
19-08-29,04:14:45,19,56,0
19-08-29,04:15:00,19,56,0
19-08-29,04:15:15,19,55,0
19-08-29,04:15:30,19,55,0
19-08-29,04:15:45,19,55,0
19-08-29,04:16:00,19,55,0
19-08-29,04:16:15,19,55,0
19-08-29,04:16:30,19,55,0
19-08-29,04:16:45,19,55,0
19-08-29,04:17:00,19,55,0
19-08-29,04:17:15,19,55,0
19-08-29,04:17:30,19,55,0
19-08-29,04:17:45,19,56,0
19-08-29,04:18:00,19,56,0
19-08-29,04:18:15,19,56,0
19-08-29,04:18:30,19,56,0
19-08-29,04:18:45,19,56,0
19-08-29,04:19:00,19,56,0
19-08-29,04:19:15,19,56,0
19-08-29,04:19:30,19,56,0
19-08-29,04:19:45,19,56,0
19-08-29,04:20:00,19,56,0
19-08-29,04:20:15,19,56,0
19-08-29,04:20:30,19,56,0
19-08-29,04:20:45,19,56,0
19-08-29,04:21:00,19,56,0
19-08-29,04:21:15,19,55,0
19-08-29,04:21:30,19,55,0
19-08-29,04:21:45,19,55,0
19-08-29,04:22:00,19,55,0
19-08-29,04:22:15,19,55,0
19-08-29,04:22:30,19,55,0
19-08-29,04:22:45,19,55,0
19-08-29,04:23:00,19,55,0
19-08-29,04:23:15,19,56,0
19-08-29,04:23:30,19,56,0
19-08-29,04:23:45,19,55,0
19-08-29,04:24:00,19,55,0
19-08-29,04:24:15,19,55,0
19-08-29,04:24:30,19,55,0
19-08-29,04:24:45,19,55,0
19-08-29,04:25:00,19,56,0
19-08-29,04:25:15,19,56,0
19-08-29,04:25:30,19,55,0
19-08-29,04:25:45,19,55,0
19-08-29,04:26:00,19,55,0
19-08-29,04:26:15,19,55,0
19-08-29,04:26:30,19,55,0
19-08-29,04:26:45,19,55,0
19-08-29,04:27:00,19,55,0
19-08-29,04:27:15,19,55,0
19-08-29,04:27:30,19,55,0
19-08-29,04:27:45,19,55,0
19-08-29,04:28:00,19,55,0
19-08-29,04:28:15,19,55,0
19-08-29,04:28:30,19,55,0
19-08-29,04:28:45,19,56,0
19-08-29,04:29:00,19,56,0
19-08-29,04:29:15,19,55,0
19-08-29,04:29:30,19,56,0
19-08-29,04:29:45,19,56,0
19-08-29,04:30:00,19,56,0
19-08-29,04:30:15,19,56,0
19-08-29,04:30:30,19,56,0
19-08-29,04:30:45,19,56,0
19-08-29,04:31:00,19,56,0
19-08-29,04:31:15,19,56,0
19-08-29,04:31:30,19,56,0
19-08-29,04:31:45,19,56,0
19-08-29,04:32:00,19,56,0
19-08-29,04:32:15,19,56,0
19-08-29,04:32:30,19,56,0
19-08-29,04:32:45,19,56,0
19-08-29,04:33:00,19,56,0
19-08-29,04:33:15,19,56,0
19-08-29,04:33:30,19,56,0
19-08-29,04:33:45,19,56,0
19-08-29,04:34:00,19,56,0
19-08-29,04:34:15,19,56,0
19-08-29,04:34:30,19,56,0
19-08-29,04:34:45,19,56,0
19-08-29,04:35:00,19,56,0
19-08-29,04:35:15,19,56,0
19-08-29,04:35:30,19,57,0
19-08-29,04:35:45,19,57,0
19-08-29,04:36:00,19,57,0
19-08-29,04:36:15,19,57,0
19-08-29,04:36:30,19,57,0
19-08-29,04:36:45,19,57,0
19-08-29,04:37:00,19,57,0
19-08-29,04:37:15,19,57,0
19-08-29,04:37:30,19,57,0
19-08-29,04:37:45,19,57,0
19-08-29,04:38:00,19,56,0
19-08-29,04:38:15,19,56,0
19-08-29,04:38:30,19,56,0
19-08-29,04:38:45,19,57,0
19-08-29,04:39:00,19,57,0
19-08-29,04:39:15,19,57,0
19-08-29,04:39:30,19,57,0
19-08-29,04:39:45,19,57,0
19-08-29,04:40:00,19,57,0
19-08-29,04:40:15,19,57,0
19-08-29,04:40:30,19,57,0
19-08-29,04:40:45,19,57,0
19-08-29,04:41:00,19,57,0
19-08-29,04:41:15,19,57,0
19-08-29,04:41:30,19,56,0
19-08-29,04:41:45,19,56,0
19-08-29,04:42:00,19,56,0
19-08-29,04:42:15,19,56,0
19-08-29,04:42:30,19,56,0
19-08-29,04:42:45,19,56,0
19-08-29,04:43:00,19,56,0
19-08-29,04:43:15,19,56,0
19-08-29,04:43:30,19,56,0
19-08-29,04:43:45,19,56,0
19-08-29,04:44:00,19,56,0
19-08-29,04:44:15,19,56,0
19-08-29,04:44:30,19,56,0
19-08-29,04:44:45,19,56,0
19-08-29,04:45:00,19,56,0
19-08-29,04:45:15,19,56,0
19-08-29,04:45:30,19,56,0
19-08-29,04:45:45,19,56,0
19-08-29,04:46:00,19,56,0
19-08-29,04:46:15,19,56,0
19-08-29,04:46:30,19,58,0
19-08-29,04:46:45,19,63,0
19-08-29,04:47:00,19,64,0
19-08-29,04:47:15,19,65,0
19-08-29,04:47:30,19,65,0
19-08-29,04:47:45,19,62,0
19-08-29,04:48:00,19,65,0
19-08-29,04:48:15,19,66,0
19-08-29,04:48:30,19,67,0
19-08-29,04:48:45,19,67,0
19-08-29,04:49:00,19,70,0
19-08-29,04:49:15,19,69,0
19-08-29,04:49:30,19,69,0
19-08-29,04:49:45,19,70,0
19-08-29,04:50:00,19,71,0
19-08-29,04:50:15,19,71,0
19-08-29,04:50:30,19,71,0
19-08-29,04:50:45,19,72,0
19-08-29,04:51:00,20,72,0
19-08-29,04:51:15,20,75,0
19-08-29,04:51:30,20,73,0
19-08-29,04:51:45,20,71,0
19-08-29,04:52:00,20,70,0
19-08-29,04:52:15,20,70,0
19-08-29,04:52:30,19,70,0
19-08-29,04:52:45,19,70,0
19-08-29,04:53:00,19,69,0
19-08-29,04:53:15,19,69,0
19-08-29,04:53:30,19,69,0
19-08-29,04:53:45,19,70,0
19-08-29,04:54:00,19,70,0
19-08-29,04:54:15,19,71,0
19-08-29,04:54:30,19,71,0
19-08-29,04:54:45,19,71,0
19-08-29,04:55:00,19,70,0
19-08-29,04:55:15,19,70,0
19-08-29,04:55:30,19,70,0
19-08-29,04:55:45,19,71,0
19-08-29,04:56:00,19,71,0
19-08-29,04:56:15,19,71,0
19-08-29,04:56:30,19,71,0
19-08-29,04:56:45,19,72,0
19-08-29,04:57:00,19,72,0
19-08-29,04:57:15,19,72,0
19-08-29,04:57:30,19,72,0
19-08-29,04:57:45,19,72,0
19-08-29,04:58:00,19,72,0
19-08-29,04:58:15,19,72,0
19-08-29,04:58:30,19,72,0
19-08-29,04:58:45,19,72,0
19-08-29,04:59:00,19,72,0
19-08-29,04:59:15,19,72,0
19-08-29,04:59:30,19,72,0
19-08-29,04:59:45,19,72,0
19-08-29,05:00:00,19,72,0
19-08-29,05:00:15,19,72,0
19-08-29,05:00:30,19,72,0
19-08-29,05:00:45,19,73,0
19-08-29,05:01:00,19,73,0
19-08-29,05:01:15,19,73,0
19-08-29,05:01:30,19,73,0
19-08-29,05:01:45,19,74,0
19-08-29,05:02:00,19,74,0
19-08-29,05:02:15,19,75,0
19-08-29,05:02:30,19,75,0
19-08-29,05:02:45,19,75,0
19-08-29,05:03:00,19,75,0
19-08-29,05:03:15,19,75,0
19-08-29,05:03:30,19,75,0
19-08-29,05:03:45,19,75,0
19-08-29,05:04:00,19,75,0
19-08-29,05:04:15,19,75,0
19-08-29,05:04:30,19,75,0
19-08-29,05:04:45,19,74,0
19-08-29,05:05:00,19,74,0
19-08-29,05:05:15,19,74,0
19-08-29,05:05:30,19,74,0
19-08-29,05:05:45,19,74,0
19-08-29,05:06:00,19,73,0
19-08-29,05:06:15,19,73,0
19-08-29,05:06:30,19,73,0
19-08-29,05:06:45,19,73,0
19-08-29,05:07:00,19,73,0
19-08-29,05:07:15,19,73,0
19-08-29,05:07:30,19,73,0
19-08-29,05:07:45,19,73,0
19-08-29,05:08:00,19,72,0
19-08-29,05:08:15,19,72,0
19-08-29,05:08:30,19,72,0
19-08-29,05:08:45,19,72,0
19-08-29,05:09:00,19,72,0
19-08-29,05:09:15,19,72,0
19-08-29,05:09:30,19,72,0
19-08-29,05:09:45,19,72,0
19-08-29,05:10:00,19,72,0
19-08-29,05:10:15,19,72,0
19-08-29,05:10:30,19,72,0
19-08-29,05:10:45,19,72,0
19-08-29,05:11:00,19,72,0
19-08-29,05:11:15,19,72,0
19-08-29,05:11:30,19,72,0
19-08-29,05:11:45,19,72,0
19-08-29,05:12:00,19,72,0
19-08-29,05:12:15,19,72,0
19-08-29,05:12:30,19,72,0
19-08-29,05:12:45,19,72,0
19-08-29,05:13:00,19,72,0
19-08-29,05:13:15,19,71,0
19-08-29,05:13:30,19,71,0
19-08-29,05:13:45,19,71,0
19-08-29,05:14:00,19,71,0
19-08-29,05:14:15,19,71,0
19-08-29,05:14:30,19,71,0
19-08-29,05:14:45,19,71,0
19-08-29,05:15:00,19,71,0
19-08-29,05:15:15,19,70,0
19-08-29,05:15:30,19,70,0
19-08-29,05:15:45,19,70,0
19-08-29,05:16:00,19,70,0
19-08-29,05:16:15,19,70,0
19-08-29,05:16:30,19,70,0
19-08-29,05:16:45,19,70,0
19-08-29,05:17:00,19,70,0
19-08-29,05:17:15,19,70,0
19-08-29,05:17:30,19,70,0
19-08-29,05:17:45,19,70,0
19-08-29,05:18:00,19,70,0
19-08-29,05:18:15,19,70,0
19-08-29,05:18:30,19,70,0
19-08-29,05:18:45,19,70,0
19-08-29,05:19:00,19,70,0
19-08-29,05:19:15,19,70,0
19-08-29,05:19:30,19,69,0
19-08-29,05:19:45,19,69,0
19-08-29,05:20:00,19,69,0
19-08-29,05:20:15,19,69,0
19-08-29,05:20:30,19,69,0
19-08-29,05:20:45,19,69,0
19-08-29,05:21:00,19,69,0
19-08-29,05:21:15,19,69,0
19-08-29,05:21:30,19,68,1
19-08-29,05:21:45,19,68,0
19-08-29,05:22:00,19,68,1
19-08-29,05:22:15,19,68,1
19-08-29,05:22:30,19,68,1
19-08-29,05:22:45,19,68,1
19-08-29,05:23:00,19,68,1
19-08-29,05:23:15,19,68,1
19-08-29,05:23:30,19,68,1
19-08-29,05:23:45,19,68,1
19-08-29,05:24:00,19,68,1
19-08-29,05:24:15,19,68,1
19-08-29,05:24:30,19,68,1
19-08-29,05:24:45,19,67,1
19-08-29,05:25:00,19,67,1
19-08-29,05:25:15,19,67,1
19-08-29,05:25:30,19,67,1
19-08-29,05:25:45,19,67,1
19-08-29,05:26:00,19,67,1
19-08-29,05:26:15,19,67,1
19-08-29,05:26:30,19,66,1
19-08-29,05:26:45,19,66,1
19-08-29,05:27:00,19,66,1
19-08-29,05:27:15,19,66,1
19-08-29,05:27:30,19,67,1
19-08-29,05:27:45,19,67,2
19-08-29,05:28:00,19,67,2
19-08-29,05:28:15,19,67,2
19-08-29,05:28:30,19,67,2
19-08-29,05:28:45,19,67,2
19-08-29,05:29:00,19,67,2
19-08-29,05:29:15,19,67,2
19-08-29,05:29:30,19,67,2
19-08-29,05:29:45,19,67,2
19-08-29,05:30:00,19,67,2
19-08-29,05:30:15,19,66,2
19-08-29,05:30:30,19,67,3
19-08-29,05:30:45,19,67,3
19-08-29,05:31:00,19,67,3
19-08-29,05:31:15,19,67,3
19-08-29,05:31:30,19,67,3
19-08-29,05:31:45,19,67,3
19-08-29,05:32:00,19,67,3
19-08-29,05:32:15,19,67,3
19-08-29,05:32:30,19,67,3
19-08-29,05:32:45,19,67,3
19-08-29,05:33:00,19,67,3
19-08-29,05:33:15,19,67,4
19-08-29,05:33:30,19,67,4
19-08-29,05:33:45,19,67,4
19-08-29,05:34:00,19,67,4
19-08-29,05:34:15,19,67,4
19-08-29,05:34:30,19,67,4
19-08-29,05:34:45,19,66,4
19-08-29,05:35:00,19,66,4
19-08-29,05:35:15,19,66,4
19-08-29,05:35:30,19,66,5
19-08-29,05:35:45,19,66,5
19-08-29,05:36:00,19,66,5
19-08-29,05:36:15,19,66,5
19-08-29,05:36:30,19,66,5
19-08-29,05:36:45,19,66,5
19-08-29,05:37:00,19,66,6
19-08-29,05:37:15,19,65,6
19-08-29,05:37:30,19,65,6
19-08-29,05:37:45,19,65,6
19-08-29,05:38:00,19,65,6
19-08-29,05:38:15,19,66,6
19-08-29,05:38:30,19,66,7
19-08-29,05:38:45,19,66,7
19-08-29,05:39:00,19,65,7
19-08-29,05:39:15,19,65,7
19-08-29,05:39:30,19,64,7
19-08-29,05:39:45,19,64,8
19-08-29,05:40:00,19,64,8
19-08-29,05:40:15,19,64,8
19-08-29,05:40:30,19,63,9
19-08-29,05:40:45,19,63,9
19-08-29,05:41:00,19,63,9
19-08-29,05:41:15,19,63,9
19-08-29,05:41:30,19,62,10
19-08-29,05:41:45,19,62,10
19-08-29,05:42:00,19,61,10
19-08-29,05:42:15,19,61,11
19-08-29,05:42:30,19,61,11
19-08-29,05:42:45,19,60,11
19-08-29,05:43:00,19,59,12
19-08-29,05:43:15,19,59,12
19-08-29,05:43:30,19,59,13
19-08-29,05:43:45,19,59,13
19-08-29,05:44:00,19,58,14
19-08-29,05:44:15,19,58,14
19-08-29,05:44:30,19,58,15
19-08-29,05:44:45,19,57,16
19-08-29,05:45:00,19,57,16
19-08-29,05:45:15,19,57,17
19-08-29,05:45:30,19,57,17
19-08-29,05:45:45,19,57,18
19-08-29,05:46:00,19,56,18
19-08-29,05:46:15,19,56,19
19-08-29,05:46:30,19,56,19
19-08-29,05:46:45,19,56,20
19-08-29,05:47:00,19,56,20
19-08-29,05:47:15,19,56,21
19-08-29,05:47:30,19,55,22
19-08-29,05:47:45,20,55,22
19-08-29,05:48:00,20,55,23
19-08-29,05:48:15,20,55,23
19-08-29,05:48:30,20,55,24
19-08-29,05:48:45,20,55,24
19-08-29,05:49:00,20,54,25
19-08-29,05:49:15,20,54,25
19-08-29,05:49:30,20,54,26
19-08-29,05:49:45,20,54,27
19-08-29,05:50:00,20,54,27
19-08-29,05:50:15,20,54,28
19-08-29,05:50:30,20,53,28
19-08-29,05:50:45,20,53,29
19-08-29,05:51:00,20,53,29
19-08-29,05:51:15,20,53,30
19-08-29,05:51:30,20,53,30
19-08-29,05:51:45,20,53,30
19-08-29,05:52:00,20,52,31
19-08-29,05:52:15,20,52,31
19-08-29,05:52:30,20,52,31
19-08-29,05:52:45,20,52,31
19-08-29,05:53:00,20,52,32
19-08-29,05:53:15,20,52,32
19-08-29,05:53:30,20,51,32
19-08-29,05:53:45,20,51,33
19-08-29,05:54:00,21,51,33
19-08-29,05:54:15,21,51,33
19-08-29,05:54:30,21,51,33
19-08-29,05:54:45,21,51,34
19-08-29,05:55:00,21,51,34
19-08-29,05:55:15,21,50,35
19-08-29,05:55:30,21,50,35
19-08-29,05:55:45,21,50,36
19-08-29,05:56:00,21,50,36
19-08-29,05:56:15,21,50,36
19-08-29,05:56:30,21,50,36
19-08-29,05:56:45,21,50,36
19-08-29,05:57:00,21,50,36
19-08-29,05:57:15,21,50,37
19-08-29,05:57:30,21,50,38
19-08-29,05:57:45,21,50,38
19-08-29,05:58:00,21,50,39
19-08-29,05:58:15,21,50,40
19-08-29,05:58:30,21,50,42
19-08-29,05:58:45,21,50,43
19-08-29,05:59:00,21,50,43
19-08-29,05:59:15,21,50,43
19-08-29,05:59:30,21,50,43
19-08-29,05:59:45,21,50,44
19-08-29,06:00:00,21,50,45
19-08-29,06:00:15,21,50,46
19-08-29,06:00:30,21,50,47
19-08-29,06:00:45,21,50,48
19-08-29,06:01:00,21,50,49
19-08-29,06:01:15,21,50,50
19-08-29,06:01:30,21,50,51
19-08-29,06:01:45,21,49,51
19-08-29,06:02:00,21,49,52
19-08-29,06:02:15,21,49,53
19-08-29,06:02:30,21,49,53
19-08-29,06:02:45,21,49,54
19-08-29,06:03:00,21,49,55
19-08-29,06:03:15,21,49,56
19-08-29,06:03:30,21,49,56
19-08-29,06:03:45,21,49,57
19-08-29,06:04:00,21,49,57
19-08-29,06:04:15,21,49,58
19-08-29,06:04:30,21,49,58
19-08-29,06:04:45,21,49,59
19-08-29,06:05:00,21,48,60
19-08-29,06:05:15,21,48,60
19-08-29,06:05:30,21,48,60
19-08-29,06:05:45,21,48,61
19-08-29,06:06:00,21,48,61
19-08-29,06:06:15,21,48,61
19-08-29,06:06:30,21,48,60
19-08-29,06:06:45,21,48,59
19-08-29,06:07:00,22,48,57
19-08-29,06:07:15,22,48,55
19-08-29,06:07:30,21,48,52
19-08-29,06:07:45,21,48,49
19-08-29,06:08:00,22,48,46
19-08-29,06:08:15,21,48,44
19-08-29,06:08:30,21,48,42
19-08-29,06:08:45,21,48,41
19-08-29,06:09:00,21,48,39
19-08-29,06:09:15,21,48,39
19-08-29,06:09:30,21,48,38
19-08-29,06:09:45,21,48,37
19-08-29,06:10:00,21,48,38
19-08-29,06:10:30,21,48,41
19-08-29,06:10:45,21,48,45
19-08-29,06:11:00,21,48,50
19-08-29,06:11:15,21,48,54
19-08-29,06:11:30,21,48,55
19-08-29,06:11:45,21,48,53
19-08-29,06:12:00,21,48,51
19-08-29,06:12:15,21,48,49
19-08-29,06:12:30,21,48,47
19-08-29,06:12:45,21,48,45
19-08-29,06:13:00,21,48,44
19-08-29,06:13:15,21,48,44
19-08-29,06:13:30,21,48,43
19-08-29,06:13:45,21,48,42
19-08-29,06:14:00,21,48,42
19-08-29,06:14:15,21,48,41
19-08-29,06:14:30,22,48,41
19-08-29,06:14:45,22,48,41
19-08-29,06:15:00,22,48,42
19-08-29,06:15:15,22,48,42
19-08-29,06:15:30,22,48,43
19-08-29,06:15:45,22,48,45
19-08-29,06:16:00,22,48,48
19-08-29,06:16:15,22,47,50
19-08-29,06:16:30,22,47,52
19-08-29,06:16:45,22,47,54
19-08-29,06:17:00,22,47,55
19-08-29,06:17:15,22,47,57
19-08-29,06:17:30,22,47,59
19-08-29,06:17:45,22,47,62
19-08-29,06:18:00,22,47,69
19-08-29,06:18:15,22,47,75
19-08-29,06:18:30,22,46,82
19-08-29,06:18:45,22,46,89
19-08-29,06:19:00,22,46,94
19-08-29,06:19:15,22,46,96
19-08-29,06:19:30,22,46,97
19-08-29,06:19:45,22,46,98
19-08-29,06:20:00,22,45,98
19-08-29,06:20:15,22,45,99
19-08-29,06:20:30,23,45,100
19-08-29,06:20:45,23,45,101
19-08-29,06:21:00,23,45,101
19-08-29,06:21:15,23,45,102
19-08-29,06:21:30,23,45,103
19-08-29,06:21:45,23,45,103
19-08-29,06:22:00,23,44,104
19-08-29,06:22:15,23,44,105
19-08-29,06:22:30,23,44,106
19-08-29,06:22:45,23,44,106
19-08-29,06:23:00,23,44,107
19-08-29,06:23:15,23,44,108
19-08-29,06:23:30,23,44,109
19-08-29,06:23:45,23,44,109
19-08-29,06:24:00,23,44,110
19-08-29,06:24:15,23,44,111
19-08-29,06:24:30,23,44,111
19-08-29,06:24:45,23,44,112
19-08-29,06:25:00,23,44,112
19-08-29,06:25:15,23,44,112
19-08-29,06:25:30,23,44,112
19-08-29,06:25:45,23,44,105
19-08-29,06:26:00,23,44,94
19-08-29,06:26:15,23,44,92
19-08-29,06:26:30,23,44,95
19-08-29,06:26:45,23,44,104
19-08-29,06:27:00,23,44,114
19-08-29,06:27:15,23,44,118
19-08-29,06:27:30,23,44,118
19-08-29,06:27:45,23,44,120
19-08-29,06:28:00,23,43,122
19-08-29,06:28:15,23,43,123
19-08-29,06:28:30,23,43,124
19-08-29,06:28:45,23,43,125
19-08-29,06:29:00,23,43,126
19-08-29,06:29:15,23,43,126
19-08-29,06:29:30,23,43,127
19-08-29,06:29:45,23,43,128
19-08-29,06:30:00,23,43,129
19-08-29,06:30:15,23,43,130
19-08-29,06:30:30,23,43,131
19-08-29,06:30:45,23,43,131
19-08-29,06:31:00,23,43,132
19-08-29,06:31:15,23,43,133
19-08-29,06:31:30,23,43,134
19-08-29,06:31:45,23,43,135
19-08-29,06:32:00,23,43,136
19-08-29,06:32:15,23,43,136
19-08-29,06:32:30,23,43,137
19-08-29,06:32:45,23,42,138
19-08-29,06:33:00,23,42,138
19-08-29,06:33:15,23,42,139
19-08-29,06:33:30,23,42,139
19-08-29,06:33:45,23,42,140
19-08-29,06:34:00,23,42,140
19-08-29,06:34:15,23,42,140
19-08-29,06:34:30,23,42,141
19-08-29,06:34:45,23,42,139
19-08-29,06:35:00,23,42,131
19-08-29,06:35:15,23,42,129
19-08-29,06:35:30,23,42,120
19-08-29,06:35:45,23,42,125
19-08-29,06:36:00,23,42,137
19-08-29,06:36:15,23,42,141
19-08-29,06:36:30,23,42,146
19-08-29,06:36:45,23,42,147
19-08-29,06:37:00,23,42,148
19-08-29,06:37:15,23,42,149
19-08-29,06:37:30,23,42,150
19-08-29,06:37:45,23,42,150
19-08-29,06:38:00,23,42,151
19-08-29,06:38:15,23,42,152
19-08-29,06:38:30,23,42,153
19-08-29,06:38:45,23,42,154
19-08-29,06:39:00,23,42,154
19-08-29,06:39:15,23,42,155
19-08-29,06:39:30,23,42,156
19-08-29,06:39:45,23,42,157
19-08-29,06:40:00,23,42,158
19-08-29,06:40:15,23,42,159
19-08-29,06:40:30,23,42,160
19-08-29,06:40:45,23,42,161
19-08-29,06:41:00,23,42,162
19-08-29,06:41:15,23,42,163
19-08-29,06:41:30,23,42,163
19-08-29,06:41:45,23,42,164
19-08-29,06:42:00,24,42,165
19-08-29,06:42:15,24,42,167
19-08-29,06:42:30,24,42,167
19-08-29,06:42:45,24,42,168
19-08-29,06:43:00,24,42,169
19-08-29,06:43:15,24,42,170
19-08-29,06:43:30,24,41,171
19-08-29,06:43:45,24,41,172
19-08-29,06:44:00,24,41,173
19-08-29,06:44:15,24,41,173
19-08-29,06:44:30,24,41,174
19-08-29,06:44:45,24,41,175
19-08-29,06:45:00,24,41,176
19-08-29,06:45:15,24,41,177
19-08-29,06:45:30,24,41,178
19-08-29,06:45:45,24,41,178
19-08-29,06:46:00,24,41,179
19-08-29,06:46:15,24,41,180
19-08-29,06:46:30,24,41,181
19-08-29,06:46:45,24,41,182
19-08-29,06:47:00,24,41,182
19-08-29,06:47:15,24,41,183
19-08-29,06:47:30,24,41,184
19-08-29,06:47:45,24,41,184
19-08-29,06:48:00,24,41,185
19-08-29,06:48:15,24,41,186
19-08-29,06:48:30,24,41,187
19-08-29,06:48:45,24,41,188
19-08-29,06:49:00,24,41,189
19-08-29,06:49:15,24,41,190
19-08-29,06:49:30,24,43,192
19-08-29,06:49:45,24,44,192
19-08-29,06:50:00,24,44,194
19-08-29,06:50:15,24,44,195
19-08-29,06:50:30,24,44,196
19-08-29,06:50:45,24,45,197
19-08-29,06:51:00,24,45,197
19-08-29,06:51:15,24,45,198
19-08-29,06:51:30,24,45,199
19-08-29,06:51:45,24,46,200
19-08-29,06:52:00,24,46,201
19-08-29,06:52:15,24,46,202
19-08-29,06:52:30,24,46,202
19-08-29,06:52:45,24,46,203
19-08-29,06:53:00,24,46,204
19-08-29,06:53:15,24,46,205
19-08-29,06:53:30,24,46,206
19-08-29,06:53:45,24,46,206
19-08-29,06:54:00,24,47,207
19-08-29,06:54:15,24,47,208
19-08-29,06:54:30,24,47,209
19-08-29,06:54:45,24,47,210
19-08-29,06:55:00,24,47,211
19-08-29,06:55:15,24,47,209
19-08-29,06:55:30,23,47,210
19-08-29,06:55:45,24,48,212
19-08-29,06:56:00,23,48,212
19-08-29,06:56:15,23,48,212
19-08-29,06:56:30,23,48,210
19-08-29,06:56:45,23,48,215
19-08-29,06:57:00,23,48,215
19-08-29,06:57:15,23,48,213
19-08-29,06:57:30,23,48,220
19-08-29,06:57:45,23,49,223
19-08-29,06:58:00,23,49,20
19-08-29,06:58:15,23,49,66
19-08-29,06:58:30,23,49,203
19-08-29,06:58:45,23,50,207
19-08-29,06:59:00,23,50,230
19-08-29,06:59:15,23,50,231
19-08-29,06:59:30,23,50,232
19-08-29,06:59:45,23,50,233
19-08-29,07:00:00,23,50,229
19-08-29,07:00:15,23,49,235
19-08-29,07:00:30,23,49,237
19-08-29,07:00:45,23,49,238
19-08-29,07:01:00,23,49,239
19-08-29,07:01:15,23,49,241
19-08-29,07:01:30,23,49,242
19-08-29,07:01:45,23,49,243
19-08-29,07:02:00,23,49,240
19-08-29,07:02:15,23,49,231
19-08-29,07:02:30,23,49,246
19-08-29,07:02:45,23,49,248
19-08-29,07:03:00,23,49,249
19-08-29,07:03:15,23,49,250
19-08-29,07:03:30,23,49,252
19-08-29,07:03:45,23,48,252
19-08-29,07:04:00,23,48,249
19-08-29,07:04:15,24,48,242
19-08-29,07:04:30,24,48,240
19-08-29,07:04:45,24,48,251
19-08-29,07:05:00,24,48,257
19-08-29,07:05:15,24,48,259
19-08-29,07:05:30,24,48,259
19-08-29,07:05:45,24,48,260
19-08-29,07:06:00,24,48,261
19-08-29,07:06:15,24,47,262
19-08-29,07:06:30,24,47,262
19-08-29,07:06:45,24,47,263
19-08-29,07:07:00,24,46,263
19-08-29,07:07:15,24,46,264
19-08-29,07:07:30,24,46,264
19-08-29,07:07:45,24,46,265
19-08-29,07:08:00,24,46,266
19-08-29,07:08:15,24,46,266
19-08-29,07:08:30,24,46,267
19-08-29,07:08:45,24,46,267
19-08-29,07:09:00,24,46,268
19-08-29,07:09:15,24,46,269
19-08-29,07:09:30,24,46,269
19-08-29,07:09:45,24,45,270
19-08-29,07:10:00,24,45,270
19-08-29,07:10:15,24,45,272
19-08-29,07:10:30,24,45,272
19-08-29,07:10:45,24,45,249
19-08-29,07:11:00,24,45,254
19-08-29,07:11:15,24,45,275
19-08-29,07:11:30,24,45,276
19-08-29,07:11:45,24,45,277
19-08-29,07:12:00,24,45,260
19-08-29,07:12:15,24,45,214
19-08-29,07:12:30,24,45,208
19-08-29,07:12:45,24,45,211
19-08-29,07:13:00,24,45,257
19-08-29,07:13:15,25,45,275
19-08-29,07:13:30,25,45,234
19-08-29,07:13:45,25,45,249
19-08-29,07:14:00,25,45,284
19-08-29,07:14:15,25,45,281
19-08-29,07:14:30,25,45,274
19-08-29,07:14:45,25,44,203
19-08-29,07:15:00,25,44,183
19-08-29,07:15:15,25,44,222
19-08-29,07:15:30,25,44,251
19-08-29,07:15:45,25,44,296
19-08-29,07:16:00,25,44,299
19-08-29,07:16:15,25,44,299
19-08-29,07:16:30,25,44,300
19-08-29,07:16:45,25,44,300
19-08-29,07:17:00,25,44,301
19-08-29,07:17:15,25,44,302
19-08-29,07:17:30,25,44,303
19-08-29,07:17:45,25,44,304
19-08-29,07:18:00,25,44,305
19-08-29,07:18:15,25,44,306
19-08-29,07:18:30,25,45,307
19-08-29,07:18:45,25,44,308
19-08-29,07:19:00,25,44,309
19-08-29,07:19:15,25,44,310
19-08-29,07:19:30,25,44,312
19-08-29,07:19:45,25,44,314
19-08-29,07:20:00,25,44,316
19-08-29,07:20:15,25,44,315
19-08-29,07:20:30,25,44,283
19-08-29,07:20:45,25,44,185
19-08-29,07:21:00,25,44,152
19-08-29,07:21:15,25,44,135
19-08-29,07:21:30,25,44,127
19-08-29,07:21:45,25,45,157
19-08-29,07:22:00,25,45,227
19-08-29,07:22:15,25,45,244
19-08-29,07:22:30,25,45,307
19-08-29,07:22:45,25,45,303
19-08-29,07:23:00,25,45,242
19-08-29,07:23:15,25,45,147
19-08-29,07:23:30,25,45,124
19-08-29,07:23:45,25,45,135
19-08-29,07:24:00,25,45,162
19-08-29,07:24:15,25,46,256
19-08-29,07:24:30,25,46,309
19-08-29,07:24:45,25,46,328
19-08-29,07:25:00,25,47,327
19-08-29,07:25:15,25,47,326
19-08-29,07:25:30,25,47,325
19-08-29,07:25:45,25,47,325
19-08-29,07:26:00,25,47,325
19-08-29,07:26:15,25,47,326
19-08-29,07:26:30,25,46,326
19-08-29,07:26:45,25,46,327
19-08-29,07:27:00,25,46,328
19-08-29,07:27:15,25,47,328
19-08-29,07:27:30,26,47,329
19-08-29,07:27:45,26,48,330
19-08-29,07:28:00,26,48,330
19-08-29,07:28:15,26,48,331
19-08-29,07:28:30,26,47,333
19-08-29,07:28:45,26,48,333
19-08-29,07:29:00,26,48,334
19-08-29,07:29:15,26,48,335
19-08-29,07:29:30,26,49,336
19-08-29,07:29:45,26,49,336
19-08-29,07:30:00,26,49,337
19-08-29,07:30:15,26,49,338
19-08-29,07:30:30,26,49,339
19-08-29,07:30:45,26,49,340
19-08-29,07:31:00,26,50,341
19-08-29,07:31:15,26,50,342
19-08-29,07:31:30,26,50,343
19-08-29,07:31:45,26,50,344
19-08-29,07:32:00,26,49,345
19-08-29,07:32:15,26,49,346
19-08-29,07:32:30,26,49,347
19-08-29,07:32:45,26,49,348
19-08-29,07:33:00,26,49,349
19-08-29,07:33:15,26,49,350
19-08-29,07:33:30,26,49,351
19-08-29,07:33:45,26,49,352
19-08-29,07:34:00,26,49,353
19-08-29,07:34:15,26,49,354
19-08-29,07:34:30,26,48,355
19-08-29,07:34:45,26,48,356
19-08-29,07:35:00,26,48,356
19-08-29,07:35:15,26,48,357
19-08-29,07:35:30,26,48,358
19-08-29,07:35:45,26,47,359
19-08-29,07:36:00,26,47,360
19-08-29,07:36:15,26,47,360
19-08-29,07:36:30,26,48,361
19-08-29,07:36:45,26,48,362
19-08-29,07:37:00,26,48,363
19-08-29,07:37:15,26,48,363
19-08-29,07:37:30,26,49,364
19-08-29,07:37:45,26,48,365
19-08-29,07:38:00,26,49,366
19-08-29,07:38:15,26,48,367
19-08-29,07:38:30,26,48,369
19-08-29,07:38:45,26,48,370
19-08-29,07:39:00,26,48,371
19-08-29,07:39:15,26,48,372
19-08-29,07:39:30,26,47,373
19-08-29,07:39:45,26,47,374
19-08-29,07:40:00,26,47,375
19-08-29,07:40:15,26,47,377
19-08-29,07:40:30,26,47,378
19-08-29,07:40:45,26,47,377
19-08-29,07:41:00,26,47,351
19-08-29,07:41:15,26,47,328
19-08-29,07:41:30,26,47,283
19-08-29,07:41:45,26,47,237
19-08-29,07:42:00,26,47,294
19-08-29,07:42:15,26,45,340
19-08-29,07:42:30,26,45,370
19-08-29,07:42:45,26,45,388
19-08-29,07:43:00,26,45,391
19-08-29,07:43:15,26,45,389
19-08-29,07:43:30,26,45,392
19-08-29,07:43:45,26,45,392
19-08-29,07:44:00,26,45,392
19-08-29,07:44:15,26,45,393
19-08-29,07:44:30,26,45,393
19-08-29,07:44:45,26,45,394
19-08-29,07:45:15,27,45,395
19-08-29,07:45:30,27,45,395
19-08-29,07:45:45,27,45,396
19-08-29,07:46:00,27,45,397
19-08-29,07:46:15,27,44,398
19-08-29,07:46:30,27,44,399
19-08-29,07:46:45,27,45,400
19-08-29,07:47:00,27,44,402
19-08-29,07:47:15,27,44,403
19-08-29,07:47:30,27,44,403
19-08-29,07:47:45,27,44,404
19-08-29,07:48:00,27,44,406
19-08-29,07:48:15,27,44,408
19-08-29,07:48:30,27,44,409
19-08-29,07:48:45,27,44,410
19-08-29,07:49:00,27,44,411
19-08-29,07:49:15,27,44,413
19-08-29,07:49:30,27,44,414
19-08-29,07:49:45,27,43,415
19-08-29,07:50:00,27,43,416
19-08-29,07:50:15,27,43,417
19-08-29,07:50:30,27,43,419
19-08-29,07:50:45,27,43,420
19-08-29,07:51:00,27,42,421
19-08-29,07:51:15,27,43,422
19-08-29,07:51:30,27,43,423
19-08-29,07:51:45,27,43,424
19-08-29,07:52:00,27,43,425
19-08-29,07:52:15,27,43,426
19-08-29,07:52:30,27,43,427
19-08-29,07:52:45,27,43,429
19-08-29,07:53:00,27,43,430
19-08-29,07:53:15,27,44,431
19-08-29,07:53:30,27,44,433
19-08-29,07:53:45,27,44,434
19-08-29,07:54:00,27,44,436
19-08-29,07:54:15,27,44,438
19-08-29,07:54:30,27,43,440
19-08-29,07:54:45,27,43,441
19-08-29,07:55:00,27,43,442
19-08-29,07:55:15,27,43,444
19-08-29,07:55:30,27,43,445
19-08-29,07:55:45,27,43,447
19-08-29,07:56:00,27,43,448
19-08-29,07:56:15,27,43,450
19-08-29,07:56:30,27,43,452
19-08-29,07:56:45,27,43,453
19-08-29,07:57:00,27,43,456
19-08-29,07:57:15,27,43,457
19-08-29,07:57:30,27,44,459
19-08-29,07:57:45,27,44,460
19-08-29,07:58:00,27,43,462
19-08-29,07:58:15,27,44,463
19-08-29,07:58:30,27,43,465
19-08-29,07:58:45,27,43,466
19-08-29,07:59:00,27,43,469
19-08-29,07:59:15,27,43,470
19-08-29,07:59:30,27,43,472
19-08-29,07:59:45,27,43,473
19-08-29,08:00:00,27,43,475
19-08-29,08:00:15,27,43,477
19-08-29,08:00:30,27,43,479
19-08-29,08:00:45,27,43,480
19-08-29,08:01:00,27,43,482
19-08-29,08:01:15,27,42,484
19-08-29,08:01:30,27,42,486
19-08-29,08:01:45,27,41,488
19-08-29,08:02:00,27,41,491
19-08-29,08:02:15,27,41,494
19-08-29,08:02:30,27,41,497
19-08-29,08:02:45,27,41,500
19-08-29,08:03:00,27,41,503
19-08-29,08:03:15,27,41,506
19-08-29,08:03:30,27,41,510
19-08-29,08:03:45,27,41,513
19-08-29,08:04:00,27,41,517
19-08-29,08:04:15,27,41,520
19-08-29,08:04:30,27,41,524
19-08-29,08:04:45,27,41,527
19-08-29,08:05:00,27,41,530
19-08-29,08:05:15,27,41,534
19-08-29,08:05:30,27,40,537
19-08-29,08:05:45,27,39,541
19-08-29,08:06:00,28,39,544
19-08-29,08:06:15,28,39,547
19-08-29,08:06:30,28,39,551
19-08-29,08:06:45,28,39,554
19-08-29,08:07:00,28,39,558
19-08-29,08:07:15,28,39,561
19-08-29,08:07:30,28,39,564
19-08-29,08:07:45,27,39,567
19-08-29,08:08:00,27,39,570
19-08-29,08:08:15,27,40,573
19-08-29,08:08:30,27,40,576
19-08-29,08:08:45,27,40,580
19-08-29,08:09:00,27,40,584
19-08-29,08:09:15,27,39,587
19-08-29,08:09:30,27,40,535
19-08-29,08:09:45,27,39,495
19-08-29,08:10:00,27,39,465
19-08-29,08:10:15,27,39,481
19-08-29,08:10:30,27,38,492
19-08-29,08:10:45,27,40,585
19-08-29,08:11:00,27,40,574
19-08-29,08:11:15,28,40,598
19-08-29,08:11:30,28,40,602
19-08-29,08:11:45,28,40,562
19-08-29,08:12:00,28,40,487
19-08-29,08:12:15,28,39,458
19-08-29,08:12:30,28,39,452
19-08-29,08:12:45,28,39,399
19-08-29,08:13:00,28,38,379
19-08-29,08:13:15,28,38,406
19-08-29,08:13:30,28,38,405
19-08-29,08:13:45,28,38,410
19-08-29,08:14:00,28,39,472
19-08-29,08:14:15,28,39,426
19-08-29,08:14:30,28,39,346
19-08-29,08:14:45,28,40,365
19-08-29,08:15:00,28,40,448
19-08-29,08:15:15,28,40,552
19-08-29,08:15:30,28,40,599
19-08-29,08:15:45,28,39,603
19-08-29,08:16:00,28,39,603
19-08-29,08:16:15,28,39,603
19-08-29,08:16:30,28,39,604
19-08-29,08:16:45,28,38,605
19-08-29,08:17:00,28,38,606
19-08-29,08:17:15,28,38,607
19-08-29,08:17:30,28,38,609
19-08-29,08:17:45,28,38,609
19-08-29,08:18:00,28,38,609
19-08-29,08:18:15,28,38,609
19-08-29,08:18:30,28,37,610
19-08-29,08:18:45,28,37,611
19-08-29,08:19:00,28,37,612
19-08-29,08:19:15,28,37,611
19-08-29,08:19:30,28,38,612
19-08-29,08:19:45,28,39,612
19-08-29,08:20:00,28,39,612
19-08-29,08:20:15,28,39,612
19-08-29,08:20:30,28,39,612
19-08-29,08:20:45,28,39,612
19-08-29,08:21:00,28,40,612
19-08-29,08:21:15,28,40,612
19-08-29,08:21:30,28,39,612
19-08-29,08:21:45,28,38,613
19-08-29,08:22:00,28,39,615
19-08-29,08:22:15,28,40,617
19-08-29,08:22:30,28,40,620
19-08-29,08:22:45,28,40,589
19-08-29,08:23:00,28,40,343
19-08-29,08:23:15,28,40,564
19-08-29,08:23:30,28,40,619
19-08-29,08:23:45,28,40,595
19-08-29,08:24:00,28,40,610
19-08-29,08:24:15,28,40,608
19-08-29,08:24:30,28,40,606
19-08-29,08:24:45,28,40,603
19-08-29,08:25:00,28,40,603
19-08-29,08:25:15,28,40,603
19-08-29,08:25:30,28,40,604
19-08-29,08:25:45,28,39,604
19-08-29,08:26:00,28,39,604
19-08-29,08:26:15,28,40,604
19-08-29,08:26:30,28,39,603
19-08-29,08:26:45,28,39,602
19-08-29,08:27:00,28,39,603
19-08-29,08:27:15,28,40,602
19-08-29,08:27:30,28,40,602
19-08-29,08:27:45,28,40,602
19-08-29,08:28:00,28,40,602
19-08-29,08:28:15,28,39,604
19-08-29,08:28:45,28,39,607
19-08-29,08:29:00,28,39,612
19-08-29,08:29:15,28,39,547
19-08-29,08:29:30,28,40,496
19-08-29,08:29:45,28,40,561
19-08-29,08:30:00,28,40,465
19-08-29,08:30:15,28,40,403
19-08-29,08:30:30,28,39,363
19-08-29,08:30:45,28,40,419
19-08-29,08:31:00,28,40,556
19-08-29,08:31:15,27,40,552
19-08-29,08:31:30,27,40,606
19-08-29,08:31:45,27,40,537
19-08-29,08:32:00,27,40,350
19-08-29,08:32:15,27,40,531
19-08-29,08:32:30,27,40,632
19-08-29,08:32:45,27,39,630
19-08-29,08:33:00,27,39,631
19-08-29,08:33:15,27,39,632
19-08-29,08:33:30,27,39,636
19-08-29,08:33:45,27,39,626
19-08-29,08:34:00,27,39,615
19-08-29,08:34:15,27,39,640
19-08-29,08:34:30,27,39,643
19-08-29,08:34:45,27,39,593
19-08-29,08:35:00,27,38,577
19-08-29,08:35:15,28,38,645
19-08-29,08:35:30,28,38,381
19-08-29,08:35:45,28,38,460
19-08-29,08:36:00,28,38,533
19-08-29,08:36:15,27,38,478
19-08-29,08:36:30,28,38,538
19-08-29,08:36:45,28,39,641
19-08-29,08:37:00,28,39,595
19-08-29,08:37:15,28,38,615
19-08-29,08:37:30,28,39,503
19-08-29,08:37:45,28,39,432
19-08-29,08:38:00,27,39,486
19-08-29,08:38:15,27,39,558
19-08-29,08:38:30,27,39,649
19-08-29,08:38:45,28,39,466
19-08-29,08:39:00,28,39,505
19-08-29,08:39:15,28,39,491
19-08-29,08:39:30,28,39,493
19-08-29,08:39:45,28,38,616
19-08-29,08:40:00,28,38,608
19-08-29,08:40:15,28,38,631
19-08-29,08:40:30,28,37,626
19-08-29,08:40:45,28,37,558
19-08-29,08:41:00,28,37,308
19-08-29,08:41:15,28,37,396
19-08-29,08:41:30,28,37,422
19-08-29,08:41:45,28,38,353
19-08-29,08:42:00,28,38,494
19-08-29,08:42:15,28,37,549
19-08-29,08:42:30,28,38,598
19-08-29,08:42:45,27,38,413
19-08-29,08:43:00,27,39,523
19-08-29,08:43:15,27,39,606
19-08-29,08:43:30,27,39,623
19-08-29,08:43:45,27,39,581
19-08-29,08:44:00,27,39,504
19-08-29,08:44:15,27,39,608
19-08-29,08:44:30,27,39,608
19-08-29,08:44:45,27,39,478
19-08-29,08:45:00,27,39,577
19-08-29,08:45:15,27,39,592
19-08-29,08:45:30,27,39,530
19-08-29,08:45:45,27,39,609
19-08-29,08:46:00,27,39,608
19-08-29,08:46:15,28,39,608
19-08-29,08:46:30,27,39,608
19-08-29,08:46:45,28,39,608
19-08-29,08:47:00,28,39,608
19-08-29,08:47:15,28,39,609
19-08-29,08:47:30,28,38,609
19-08-29,08:47:45,28,39,610
19-08-29,08:48:00,28,39,610
19-08-29,08:48:15,28,39,611
19-08-29,08:48:30,27,40,611
19-08-29,08:48:45,27,40,610
19-08-29,08:49:00,27,40,611
19-08-29,08:49:15,27,40,611
19-08-29,08:49:30,27,40,611
19-08-29,08:49:45,27,40,611
19-08-29,08:50:00,27,40,611
19-08-29,08:50:15,27,40,612
19-08-29,08:50:30,27,40,612
19-08-29,08:50:45,27,40,612
19-08-29,08:51:00,27,40,612
19-08-29,08:51:15,27,40,612
19-08-29,08:51:30,27,40,613
19-08-29,08:51:45,27,39,614
19-08-29,08:52:00,27,39,614
19-08-29,08:52:15,27,40,613
19-08-29,08:52:30,27,40,615
19-08-29,08:52:45,27,40,616
19-08-29,08:53:00,27,39,617
19-08-29,08:53:15,27,39,618
19-08-29,08:53:30,27,39,619
19-08-29,08:53:45,27,39,620
19-08-29,08:54:00,28,39,621
19-08-29,08:54:15,28,39,623
19-08-29,08:54:30,28,39,624
19-08-29,08:54:45,28,39,626
19-08-29,08:55:00,28,39,603
19-08-29,08:55:15,28,39,575
19-08-29,08:55:30,28,38,576
19-08-29,08:55:45,28,38,568
19-08-29,08:56:00,28,38,544
19-08-29,08:56:15,28,38,550
19-08-29,08:56:30,28,39,559
19-08-29,08:56:45,28,39,589
19-08-29,08:57:00,28,39,603
19-08-29,08:57:15,28,39,593
19-08-29,08:57:30,28,39,520
19-08-29,08:57:45,28,39,577
19-08-29,08:58:00,28,39,586
19-08-29,08:58:15,28,39,638
19-08-29,08:58:30,28,39,637
19-08-29,08:58:45,28,39,636
19-08-29,08:59:00,28,39,640
19-08-29,08:59:15,28,39,644
19-08-29,08:59:30,28,39,646
19-08-29,08:59:45,28,39,646
19-08-29,09:00:00,28,39,647
19-08-29,09:00:15,28,39,649
19-08-29,09:00:30,28,39,648
19-08-29,09:00:45,28,39,649
19-08-29,09:01:00,28,39,650
19-08-29,09:01:15,28,38,651
19-08-29,09:01:30,28,38,653
19-08-29,09:01:45,28,38,654
19-08-29,09:02:00,28,37,654
19-08-29,09:02:15,28,37,655
19-08-29,09:02:30,28,37,654
19-08-29,09:02:45,28,37,653
19-08-29,09:03:00,28,37,654
19-08-29,09:03:15,28,37,659
19-08-29,09:03:30,28,37,663
19-08-29,09:03:45,28,37,655
19-08-29,09:04:00,28,36,662
19-08-29,09:04:15,28,36,663
19-08-29,09:04:30,28,37,672
19-08-29,09:04:45,28,37,669
19-08-29,09:05:00,28,37,639
19-08-29,09:05:15,28,37,665
19-08-29,09:05:30,28,38,631
19-08-29,09:05:45,28,38,579
19-08-29,09:06:00,28,38,641
19-08-29,09:06:15,28,38,671
19-08-29,09:06:30,28,38,655
19-08-29,09:06:45,28,38,672
19-08-29,09:07:00,28,38,674
19-08-29,09:07:15,28,37,676
19-08-29,09:07:30,28,37,674
19-08-29,09:07:45,28,38,674
19-08-29,09:08:00,28,38,676
19-08-29,09:08:15,28,38,676
19-08-29,09:08:30,29,37,679
19-08-29,09:08:45,28,37,663
19-08-29,09:09:00,28,37,538
19-08-29,09:09:15,28,38,682
19-08-29,09:09:30,28,38,681
19-08-29,09:09:45,28,38,681
19-08-29,09:10:00,28,38,680
19-08-29,09:10:15,28,38,680
19-08-29,09:10:30,28,38,681
19-08-29,09:10:45,28,38,681
19-08-29,09:11:00,28,38,683
19-08-29,09:11:15,28,38,684
19-08-29,09:11:30,28,38,686
19-08-29,09:11:45,28,38,686
19-08-29,09:12:00,28,38,688
19-08-29,09:12:15,28,38,688
19-08-29,09:12:30,28,38,690
19-08-29,09:12:45,28,38,691
19-08-29,09:13:00,28,39,692
19-08-29,09:13:15,28,39,694
19-08-29,09:13:30,28,39,692
19-08-29,09:13:45,28,39,690
19-08-29,09:14:00,28,38,696
19-08-29,09:14:15,28,38,697
19-08-29,09:14:30,28,38,695
19-08-29,09:14:45,28,38,696
19-08-29,09:15:00,28,38,697
19-08-29,09:15:15,28,37,701
19-08-29,09:15:30,28,38,704
19-08-29,09:15:45,28,38,705
19-08-29,09:16:00,28,38,706
19-08-29,09:16:15,28,38,709
19-08-29,09:16:30,28,38,710
19-08-29,09:16:45,28,38,711
19-08-29,09:17:00,28,38,712
19-08-29,09:17:15,28,38,715
19-08-29,09:17:30,28,38,714
19-08-29,09:17:45,29,38,715
19-08-29,09:18:00,29,37,716
19-08-29,09:18:15,29,37,715
19-08-29,09:18:30,29,38,716
19-08-29,09:18:45,29,38,715
19-08-29,09:19:00,29,38,713
19-08-29,09:19:15,29,38,714
19-08-29,09:19:30,28,38,714
19-08-29,09:19:45,28,38,715
19-08-29,09:20:00,28,38,716
19-08-29,09:20:15,28,38,718
19-08-29,09:20:30,28,38,720
19-08-29,09:20:45,29,37,724
19-08-29,09:21:00,29,37,726
19-08-29,09:21:15,29,37,724
19-08-29,09:21:30,29,37,733
19-08-29,09:21:45,29,37,738
19-08-29,09:22:00,29,37,740
19-08-29,09:22:15,29,37,689
19-08-29,09:22:30,28,37,679
19-08-29,09:22:45,29,37,698
19-08-29,09:23:00,29,37,664
19-08-29,09:23:15,29,37,696
19-08-29,09:23:30,29,37,651
19-08-29,09:23:45,29,37,712
19-08-29,09:24:00,29,37,474
19-08-29,09:24:15,28,37,450
19-08-29,09:24:30,28,37,517
19-08-29,09:24:45,28,37,637
19-08-29,09:25:00,28,37,397
19-08-29,09:25:15,28,38,435
19-08-29,09:25:30,28,38,549
19-08-29,09:25:45,28,38,689
19-08-29,09:26:00,28,37,677
19-08-29,09:26:15,28,38,708
19-08-29,09:26:30,28,38,678
19-08-29,09:26:45,28,38,700
19-08-29,09:27:00,28,38,741
19-08-29,09:27:15,28,38,707
19-08-29,09:27:30,28,38,428
19-08-29,09:27:45,28,39,359
19-08-29,09:28:00,28,39,343
19-08-29,09:28:15,28,39,371
19-08-29,09:28:30,28,39,446
19-08-29,09:28:45,28,39,397
19-08-29,09:29:00,28,39,339
19-08-29,09:29:15,28,40,330
19-08-29,09:29:30,28,40,349
19-08-29,09:29:45,28,39,460
19-08-29,09:30:00,28,39,472
19-08-29,09:30:15,27,39,619
19-08-29,09:30:30,27,40,512
19-08-29,09:30:45,27,40,433
19-08-29,09:31:00,27,40,426
19-08-29,09:31:15,27,40,597
19-08-29,09:31:30,27,40,447
19-08-29,09:31:45,27,41,521
19-08-29,09:32:00,27,40,553
19-08-29,09:32:15,28,40,559
19-08-29,09:32:30,28,41,656
19-08-29,09:32:45,28,41,663
19-08-29,09:33:00,28,40,564
19-08-29,09:33:15,28,40,642
19-08-29,09:33:30,28,40,615
19-08-29,09:33:45,28,40,593
19-08-29,09:34:00,28,40,611
19-08-29,09:34:15,28,39,554
19-08-29,09:34:30,28,40,557
19-08-29,09:34:45,28,39,628
19-08-29,09:35:00,28,39,614
19-08-29,09:35:15,28,39,635
19-08-29,09:35:30,28,39,605
19-08-29,09:35:45,28,39,728
19-08-29,09:36:00,28,39,808
19-08-29,09:36:15,28,39,817
19-08-29,09:36:30,28,39,788
19-08-29,09:36:45,29,39,778
19-08-29,09:37:00,29,39,781
19-08-29,09:37:15,29,39,714
19-08-29,09:37:30,29,39,755
19-08-29,09:37:45,29,39,801
19-08-29,09:38:00,29,38,798
19-08-29,09:38:15,29,38,797
19-08-29,09:38:30,29,38,738
19-08-29,09:38:45,28,38,796
19-08-29,09:39:00,28,38,791
19-08-29,09:39:15,28,39,791
19-08-29,09:39:30,28,39,795
19-08-29,09:39:45,28,39,796
19-08-29,09:40:00,28,39,717
19-08-29,09:40:15,28,38,782
19-08-29,09:40:30,28,38,789
19-08-29,09:40:45,29,38,803
19-08-29,09:41:00,29,38,792
19-08-29,09:41:15,29,38,797
19-08-29,09:41:30,29,38,796
19-08-29,09:41:45,29,37,798
19-08-29,09:42:00,29,38,800
19-08-29,09:42:15,29,37,803
19-08-29,09:42:30,29,37,791
19-08-29,09:42:45,29,37,805
19-08-29,09:43:00,29,36,804
19-08-29,09:43:15,29,37,801
19-08-29,09:43:30,29,36,793
19-08-29,09:43:45,29,37,798
19-08-29,09:44:00,29,37,796
19-08-29,09:44:15,29,37,794
19-08-29,09:44:30,29,37,794
19-08-29,09:44:45,29,36,794
19-08-29,09:45:00,29,35,792
19-08-29,09:45:15,29,35,791
19-08-29,09:45:30,29,35,792
19-08-29,09:45:45,29,35,790
19-08-29,09:46:00,29,35,789
19-08-29,09:46:15,29,36,788
19-08-29,09:46:30,29,36,787
19-08-29,09:46:45,29,37,787
19-08-29,09:47:00,29,37,786
19-08-29,09:47:15,29,37,785
19-08-29,09:47:30,29,37,785
19-08-29,09:47:45,29,37,785
19-08-29,09:48:00,29,37,786
19-08-29,09:48:15,29,37,786
19-08-29,09:48:30,29,37,786
19-08-29,09:48:45,29,37,786
19-08-29,09:49:00,29,38,786
19-08-29,09:49:15,29,38,786
19-08-29,09:49:30,29,38,788
19-08-29,09:49:45,29,38,789
19-08-29,09:50:00,29,38,789
19-08-29,09:50:15,29,38,787
19-08-29,09:50:30,28,38,786
19-08-29,09:50:45,28,38,788
19-08-29,09:51:00,28,38,789
19-08-29,09:51:15,29,38,792
19-08-29,09:51:30,29,38,794
19-08-29,09:51:45,29,38,794
19-08-29,09:52:00,29,37,795
19-08-29,09:52:15,29,37,796
19-08-29,09:52:30,29,37,798
19-08-29,09:52:45,29,37,799
19-08-29,09:53:00,29,37,801
19-08-29,09:53:15,29,37,803
19-08-29,09:53:30,29,37,805
19-08-29,09:53:45,29,37,808
19-08-29,09:54:00,29,37,809
19-08-29,09:54:15,29,37,812
19-08-29,09:54:30,29,37,817
19-08-29,09:54:45,29,37,819
19-08-29,09:55:00,29,37,821
19-08-29,09:55:15,29,36,824
19-08-29,09:55:30,29,36,827
19-08-29,09:55:45,29,36,830
19-08-29,09:56:00,29,37,834
19-08-29,09:56:15,29,37,838
19-08-29,09:56:30,29,36,843
19-08-29,09:56:45,29,36,846
19-08-29,09:57:00,29,36,851
19-08-29,09:57:15,29,36,855
19-08-29,09:57:30,29,35,862
19-08-29,09:57:45,29,35,869
19-08-29,09:58:00,29,35,840
19-08-29,09:58:15,29,36,826
19-08-29,09:58:30,29,35,870
19-08-29,09:58:45,29,35,902
19-08-29,09:59:00,29,35,867
19-08-29,09:59:15,29,35,849
19-08-29,09:59:30,29,35,692
19-08-29,09:59:45,29,35,607
19-08-29,10:00:00,29,35,608
19-08-29,10:00:15,29,35,540
19-08-29,10:00:30,29,35,473
19-08-29,10:00:45,29,35,538
19-08-29,10:01:00,29,34,521
19-08-29,10:01:15,29,35,430
19-08-29,10:01:30,29,35,503
19-08-29,10:01:45,29,35,540
19-08-29,10:02:00,29,35,536
19-08-29,10:02:15,29,35,524
19-08-29,10:02:30,29,36,624
19-08-29,10:02:45,29,36,659
19-08-29,10:03:00,29,36,592
19-08-29,10:03:15,29,36,605
19-08-29,10:03:30,29,36,543
19-08-29,10:03:45,29,36,533
19-08-29,10:04:00,29,37,565
19-08-29,10:04:15,29,37,554
19-08-29,10:04:30,29,37,546
19-08-29,10:04:45,29,37,615
19-08-29,10:05:00,29,37,523
19-08-29,10:05:15,29,37,490
19-08-29,10:05:30,29,37,493
19-08-29,10:05:45,29,37,503
19-08-29,10:06:00,29,36,549
19-08-29,10:06:15,29,37,559
19-08-29,10:06:30,29,36,578
19-08-29,10:06:45,29,36,631
19-08-29,10:07:00,29,36,836
19-08-29,10:07:15,29,36,608
19-08-29,10:07:30,29,36,538
19-08-29,10:07:45,29,36,504
19-08-29,10:08:00,29,36,551
19-08-29,10:08:15,29,36,520
19-08-29,10:08:30,29,36,535
19-08-29,10:08:45,29,36,649
19-08-29,10:09:00,29,36,552
19-08-29,10:09:15,29,37,543
19-08-29,10:09:30,29,37,525
19-08-29,10:09:45,29,37,598
19-08-29,10:10:00,29,37,548
19-08-29,10:10:15,29,37,607
19-08-29,10:10:30,29,37,765
19-08-29,10:10:45,29,37,722
19-08-29,10:11:00,29,37,664
19-08-29,10:11:15,29,37,744
19-08-29,10:11:30,29,37,727
19-08-29,10:11:45,29,37,879
19-08-29,10:12:00,29,37,782
19-08-29,10:12:15,29,37,884
19-08-29,10:12:30,29,37,924
19-08-29,10:12:45,29,37,910
19-08-29,10:13:00,29,37,927
19-08-29,10:13:15,29,36,874
19-08-29,10:13:30,29,37,908
19-08-29,10:13:45,29,37,917
19-08-29,10:14:00,29,36,918
19-08-29,10:14:15,29,36,919
19-08-29,10:14:30,29,36,918
19-08-29,10:14:45,29,36,918
19-08-29,10:15:00,29,36,877
19-08-29,10:15:15,29,36,875
19-08-29,10:15:30,29,36,907
19-08-29,10:15:45,29,36,918
19-08-29,10:16:00,29,36,924
19-08-29,10:16:15,29,36,927
19-08-29,10:16:30,29,36,929
19-08-29,10:16:45,29,36,928
19-08-29,10:17:00,29,36,925
19-08-29,10:17:15,29,36,928
19-08-29,10:17:30,29,36,929
19-08-29,10:17:45,29,36,923
19-08-29,10:18:00,29,36,933
19-08-29,10:18:15,29,36,935
19-08-29,10:18:30,29,36,937
19-08-29,10:18:45,29,36,944
19-08-29,10:19:00,29,36,947
19-08-29,10:19:15,29,36,952
19-08-29,10:19:30,29,36,952
19-08-29,10:19:45,29,36,961
19-08-29,10:20:00,29,36,971
19-08-29,10:20:15,29,36,949
19-08-29,10:20:30,29,36,951
19-08-29,10:20:45,30,36,864
19-08-29,10:21:00,30,35,917
19-08-29,10:21:15,30,35,841
19-08-29,10:21:30,30,34,862
19-08-29,10:21:45,30,34,831
19-08-29,10:22:00,30,34,910
19-08-29,10:22:15,30,35,881
19-08-29,10:22:30,30,35,831
19-08-29,10:22:45,30,35,861
19-08-29,10:23:00,30,35,992
19-08-29,10:23:15,30,35,738
19-08-29,10:23:30,30,35,727
19-08-29,10:23:45,30,35,827
19-08-29,10:24:00,30,35,720
19-08-29,10:24:15,30,35,669
19-08-29,10:24:30,30,35,746
19-08-29,10:24:45,30,35,765
19-08-29,10:25:00,30,35,591
19-08-29,10:25:15,30,35,741
19-08-29,10:25:30,30,35,834
19-08-29,10:25:45,30,35,684
19-08-29,10:26:00,30,35,817
19-08-29,10:26:15,30,35,642
19-08-29,10:26:30,30,35,611
19-08-29,10:26:45,30,35,636
19-08-29,10:27:00,30,35,748
19-08-29,10:27:15,30,35,783
19-08-29,10:27:30,30,35,642
19-08-29,10:27:45,29,35,582
19-08-29,10:28:00,29,36,803
19-08-29,10:28:15,29,35,757
19-08-29,10:28:30,29,35,641
19-08-29,10:28:45,29,35,581
19-08-29,10:29:00,29,35,543
19-08-29,10:29:15,29,35,527
19-08-29,10:29:30,29,35,724
19-08-29,10:29:45,29,35,673
19-08-29,10:30:00,29,35,642
19-08-29,10:30:15,29,35,677
19-08-29,10:30:30,29,35,660
19-08-29,10:30:45,29,35,683
19-08-29,10:31:00,29,35,848
19-08-29,10:31:15,29,35,935
19-08-29,10:31:30,29,35,883
19-08-29,10:31:45,29,35,879
19-08-29,10:32:00,29,35,945
19-08-29,10:32:15,29,35,942
19-08-29,10:32:30,29,35,930
19-08-29,10:32:45,30,35,943
19-08-29,10:33:00,30,35,954
19-08-29,10:33:15,30,35,865
19-08-29,10:33:30,30,35,938
19-08-29,10:33:45,30,35,868
19-08-29,10:34:00,30,34,917
19-08-29,10:34:15,30,34,821
19-08-29,10:34:30,30,34,884
19-08-29,10:34:45,30,33,865
19-08-29,10:35:00,30,33,911
19-08-29,10:35:15,30,33,924
19-08-29,10:35:30,30,33,930
19-08-29,10:35:45,30,34,927
19-08-29,10:36:00,30,34,897
19-08-29,10:36:15,30,34,925
19-08-29,10:36:30,30,34,923
19-08-29,10:36:45,30,34,923
19-08-29,10:37:00,30,34,921
19-08-29,10:37:15,30,34,920
19-08-29,10:37:30,30,34,922
19-08-29,10:37:45,30,34,851
19-08-29,10:38:00,30,34,915
19-08-29,10:38:15,30,34,920
19-08-29,10:38:30,30,34,918
19-08-29,10:38:45,30,34,915
19-08-29,10:39:00,30,34,913
19-08-29,10:39:15,30,34,910
19-08-29,10:39:30,30,34,908
19-08-29,10:39:45,30,34,906
19-08-29,10:40:00,30,34,903
19-08-29,10:40:15,30,34,902
19-08-29,10:40:30,30,34,898
19-08-29,10:40:45,30,35,895
19-08-29,10:41:00,30,35,894
19-08-29,10:41:15,30,34,894
19-08-29,10:41:30,30,34,893
19-08-29,10:41:45,30,34,892
19-08-29,10:42:00,30,34,891
19-08-29,10:42:15,30,34,891
19-08-29,10:42:30,30,34,889
19-08-29,10:42:45,30,35,889
19-08-29,10:43:00,30,35,889
19-08-29,10:43:15,30,34,889
19-08-29,10:43:30,30,35,886
19-08-29,10:43:45,30,35,887
19-08-29,10:44:00,30,35,886
19-08-29,10:44:15,30,35,886
19-08-29,10:44:30,30,35,886
19-08-29,10:44:45,29,35,885
19-08-29,10:45:00,30,35,884
19-08-29,10:45:15,30,34,885
19-08-29,10:45:30,30,34,884
19-08-29,10:45:45,30,34,883
19-08-29,10:46:00,30,34,884
19-08-29,10:46:15,30,34,883
19-08-29,10:46:30,30,34,882
19-08-29,10:46:45,30,33,882
19-08-29,10:47:00,30,33,882
19-08-29,10:47:15,30,33,882
19-08-29,10:47:30,30,33,882
19-08-29,10:47:45,30,33,880
19-08-29,10:48:00,30,33,880
19-08-29,10:48:15,30,33,881
19-08-29,10:48:30,30,32,881
19-08-29,10:48:45,30,33,879
19-08-29,10:49:00,30,33,879
19-08-29,10:49:15,30,33,880
19-08-29,10:49:30,30,33,880
19-08-29,10:49:45,30,32,881
19-08-29,10:50:00,30,32,880
19-08-29,10:50:15,30,32,882
19-08-29,10:50:30,30,32,882
19-08-29,10:50:45,30,32,880
19-08-29,10:51:00,30,33,879
19-08-29,10:51:15,30,33,880
19-08-29,10:51:30,30,33,880
19-08-29,10:51:45,30,32,881
19-08-29,10:52:00,30,32,882
19-08-29,10:52:15,30,32,882
19-08-29,10:52:30,30,33,882
19-08-29,10:52:45,30,32,882
19-08-29,10:53:00,30,32,882
19-08-29,10:53:15,30,32,881
19-08-29,10:53:30,30,32,880
19-08-29,10:53:45,30,33,880
19-08-29,10:54:00,30,33,881
19-08-29,10:54:15,30,33,882
19-08-29,10:54:30,30,33,882
19-08-29,10:54:45,30,32,882
19-08-29,10:55:00,30,32,882
19-08-29,10:55:15,30,32,882
19-08-29,10:55:30,30,32,883
19-08-29,10:55:45,30,32,884
19-08-29,10:56:00,30,32,884
19-08-29,10:56:15,30,32,884
19-08-29,10:56:30,30,31,884
19-08-29,10:56:45,30,31,886
19-08-29,10:57:00,30,31,884
19-08-29,10:57:15,30,31,886
19-08-29,10:57:30,30,31,885
19-08-29,10:57:45,30,31,886
19-08-29,10:58:00,30,31,886
19-08-29,10:58:15,30,31,888
19-08-29,10:58:30,30,31,887
19-08-29,10:58:45,30,32,888
19-08-29,10:59:00,30,32,888
19-08-29,10:59:15,30,32,888
19-08-29,10:59:30,30,32,887
19-08-29,10:59:45,30,32,888
19-08-29,11:00:00,30,32,887
19-08-29,11:00:15,30,31,888
19-08-29,11:00:30,30,31,887
19-08-29,11:00:45,30,31,888
19-08-29,11:01:00,30,31,889
19-08-29,11:01:15,30,31,889
19-08-29,11:01:30,30,31,890
19-08-29,11:01:45,30,31,889
19-08-29,11:02:00,30,31,888
19-08-29,11:02:15,30,31,890
19-08-29,11:02:30,30,31,890
19-08-29,11:02:45,30,31,888
19-08-29,11:03:00,30,31,890
19-08-29,11:03:15,30,31,888
19-08-29,11:03:30,30,31,892
19-08-29,11:03:45,30,31,894
19-08-29,11:04:00,31,31,836
19-08-29,11:04:15,31,31,854
19-08-29,11:04:30,31,31,900
19-08-29,11:04:45,31,30,885
19-08-29,11:05:00,31,30,894
19-08-29,11:05:15,31,30,893
19-08-29,11:05:30,31,30,894
19-08-29,11:05:45,31,30,893
19-08-29,11:06:00,31,30,892
19-08-29,11:06:15,31,29,893
19-08-29,11:06:30,31,30,894
19-08-29,11:06:45,31,30,895
19-08-29,11:07:00,31,29,896
19-08-29,11:07:15,31,29,897
19-08-29,11:07:30,31,29,898
19-08-29,11:07:45,31,30,899
19-08-29,11:08:00,31,30,900
19-08-29,11:08:15,31,30,902
19-08-29,11:08:30,31,30,903
19-08-29,11:08:45,31,30,904
19-08-29,11:09:00,31,30,905
19-08-29,11:09:15,31,30,908
19-08-29,11:09:30,31,31,913
19-08-29,11:09:45,31,31,921
19-08-29,11:10:00,31,31,856
19-08-29,11:10:15,31,31,850
19-08-29,11:10:30,31,30,792
19-08-29,11:10:45,31,30,719
19-08-29,11:11:00,31,30,855
19-08-29,11:11:15,31,30,780
19-08-29,11:11:30,31,30,839
19-08-29,11:11:45,31,31,837
19-08-29,11:12:00,31,31,870
19-08-29,11:12:15,31,30,874
19-08-29,11:12:30,31,30,916
19-08-29,11:12:45,31,30,909
19-08-29,11:13:00,31,30,906
19-08-29,11:13:15,31,30,905
19-08-29,11:13:30,31,30,905
19-08-29,11:13:45,31,30,905
19-08-29,11:14:00,31,30,904
19-08-29,11:14:15,31,30,904
19-08-29,11:14:30,31,29,904
19-08-29,11:14:45,31,29,904
19-08-29,11:15:00,31,29,903
19-08-29,11:15:15,31,29,903
19-08-29,11:15:30,31,29,903
19-08-29,11:15:45,31,29,903
19-08-29,11:16:00,31,29,904
19-08-29,11:16:15,31,29,905
19-08-29,11:16:30,31,29,907
19-08-29,11:16:45,31,29,909
19-08-29,11:17:00,31,29,909
19-08-29,11:17:15,31,30,909
19-08-29,11:17:30,31,30,910
19-08-29,11:17:45,31,30,909
19-08-29,11:18:00,31,30,909
19-08-29,11:18:15,31,30,909
19-08-29,11:18:30,31,30,909
19-08-29,11:18:45,31,29,909
19-08-29,11:19:00,31,29,909
19-08-29,11:19:15,31,29,910
19-08-29,11:19:30,31,29,909
19-08-29,11:19:45,31,29,910
19-08-29,11:20:00,31,29,912
19-08-29,11:20:15,31,30,911
19-08-29,11:20:30,31,29,913
19-08-29,11:20:45,31,30,914
19-08-29,11:21:00,31,30,915
19-08-29,11:21:15,31,30,915
19-08-29,11:21:30,31,30,915
19-08-29,11:21:45,31,29,917
19-08-29,11:22:00,31,29,918
19-08-29,11:22:15,31,29,920
19-08-29,11:22:30,31,29,919
19-08-29,11:22:45,31,29,920
19-08-29,11:23:00,31,29,920
19-08-29,11:23:15,31,30,919
19-08-29,11:23:30,31,30,920
19-08-29,11:23:45,31,29,920
19-08-29,11:24:00,31,29,919
19-08-29,11:24:15,31,30,920
19-08-29,11:24:30,31,29,922
19-08-29,11:24:45,31,30,922
19-08-29,11:25:00,31,30,922
19-08-29,11:25:15,31,30,923
19-08-29,11:25:30,31,30,924
19-08-29,11:25:45,31,30,924
19-08-29,11:26:00,31,29,925
19-08-29,11:26:15,31,29,926
19-08-29,11:26:30,31,29,927
19-08-29,11:26:45,31,28,928
19-08-29,11:27:00,31,27,929
19-08-29,11:27:15,31,27,929
19-08-29,11:27:30,31,28,930
19-08-29,11:27:45,31,28,929
19-08-29,11:28:00,31,28,930
19-08-29,11:28:15,31,28,930
19-08-29,11:28:30,31,28,931
19-08-29,11:28:45,31,28,930
19-08-29,11:29:00,31,28,929
19-08-29,11:29:15,31,29,932
19-08-29,11:29:30,31,29,930
19-08-29,11:29:45,31,29,930
19-08-29,11:30:00,31,29,928
19-08-29,11:30:15,32,28,927
19-08-29,11:30:30,32,28,926
19-08-29,11:30:45,32,28,926
19-08-29,11:31:00,32,28,926
19-08-29,11:31:15,32,28,923
19-08-29,11:31:30,32,28,922
19-08-29,11:31:45,32,28,922
19-08-29,11:32:00,32,28,922
19-08-29,11:32:15,32,29,917
19-08-29,11:32:30,31,29,912
19-08-29,11:32:45,31,28,910
19-08-29,11:33:00,31,28,906
19-08-29,11:33:15,31,29,903
19-08-29,11:33:30,31,28,902
19-08-29,11:33:45,31,29,898
19-08-29,11:34:00,31,29,899
19-08-29,11:34:15,31,28,900
19-08-29,11:34:30,31,28,902
19-08-29,11:34:45,31,28,900
19-08-29,11:35:00,31,28,898
19-08-29,11:35:15,31,28,900
19-08-29,11:35:30,31,28,898
19-08-29,11:35:45,31,28,895
19-08-29,11:36:00,31,28,896
19-08-29,11:36:15,31,28,897
19-08-29,11:36:30,31,28,902
19-08-29,11:36:45,31,28,903
19-08-29,11:37:00,31,28,903
19-08-29,11:37:15,31,28,895
19-08-29,11:37:30,31,28,897
19-08-29,11:37:45,31,28,892
19-08-29,11:38:00,31,28,887
19-08-29,11:38:15,31,28,880
19-08-29,11:38:30,31,27,879
19-08-29,11:38:45,31,28,872
19-08-29,11:39:00,31,28,869
19-08-29,11:39:15,31,27,858
19-08-29,11:39:30,31,26,853
19-08-29,11:39:45,31,26,845
19-08-29,11:40:00,31,27,838
19-08-29,11:40:15,31,27,847
19-08-29,11:40:30,31,28,842
19-08-29,11:40:45,31,28,841
19-08-29,11:41:00,31,29,836
19-08-29,11:41:15,31,29,831
19-08-29,11:41:30,31,29,835
19-08-29,11:41:45,31,29,828
19-08-29,11:42:00,31,29,829
19-08-29,11:42:15,31,29,830
19-08-29,11:42:30,31,29,820
19-08-29,11:42:45,31,28,811
19-08-29,11:43:00,31,27,809
19-08-29,11:43:15,31,28,804
19-08-29,11:43:30,31,28,810
19-08-29,11:43:45,31,28,810
19-08-29,11:44:00,31,28,796
19-08-29,11:44:15,31,28,799
19-08-29,11:44:30,31,28,799
19-08-29,11:44:45,31,29,790
19-08-29,11:45:00,31,29,783
19-08-29,11:45:15,31,30,791
19-08-29,11:45:30,31,30,774
19-08-29,11:45:45,31,30,782
19-08-29,11:46:00,31,29,797
19-08-29,11:46:15,31,28,776
19-08-29,11:46:30,31,28,772
19-08-29,11:46:45,31,27,766
19-08-29,11:47:00,31,27,800
19-08-29,11:47:15,31,28,798
19-08-29,11:47:30,31,28,792
19-08-29,11:47:45,31,28,783
19-08-29,11:48:00,31,27,790
19-08-29,11:48:15,31,28,783
19-08-29,11:48:30,31,28,781
19-08-29,11:48:45,31,28,764
19-08-29,11:49:00,31,29,770
19-08-29,11:49:15,31,28,777
19-08-29,11:49:30,31,29,780
19-08-29,11:49:45,31,29,780
19-08-29,11:50:00,31,29,792
19-08-29,11:50:15,31,29,807
19-08-29,11:50:30,31,29,807
19-08-29,11:50:45,31,28,824
19-08-29,11:51:00,31,28,838
19-08-29,11:51:15,31,29,853
19-08-29,11:51:30,31,28,857
19-08-29,11:51:45,31,28,856
19-08-29,11:52:00,31,28,837
19-08-29,11:52:15,31,29,833
19-08-29,11:52:30,31,29,831
19-08-29,11:52:45,32,28,828
19-08-29,11:53:00,32,28,821
19-08-29,11:53:15,32,28,840
19-08-29,11:53:30,32,28,851
19-08-29,11:53:45,32,29,871
19-08-29,11:54:00,32,28,896
19-08-29,11:54:15,32,29,901
19-08-29,11:54:30,31,29,900
19-08-29,11:54:45,31,29,939
19-08-29,11:55:00,31,29,957
19-08-29,11:55:15,31,29,958
19-08-29,11:55:30,31,29,966
19-08-29,11:55:45,31,28,964
19-08-29,11:56:00,32,29,964
19-08-29,11:56:15,32,29,970
19-08-29,11:56:30,32,29,971
19-08-29,11:56:45,32,29,973
19-08-29,11:57:00,32,29,974
19-08-29,11:57:15,32,28,978
19-08-29,11:57:30,32,29,978
19-08-29,11:57:45,32,29,977
19-08-29,11:58:00,31,29,980
19-08-29,11:58:15,31,30,981
19-08-29,11:58:30,32,29,983
19-08-29,11:58:45,32,29,984
19-08-29,11:59:00,31,29,984
19-08-29,11:59:15,31,30,982
19-08-29,11:59:30,32,29,982
19-08-29,11:59:45,32,29,985
19-08-29,12:00:00,32,29,985
19-08-29,12:00:15,32,29,985
19-08-29,12:00:30,32,28,984
19-08-29,12:00:45,32,28,984
19-08-29,12:01:00,32,28,985
19-08-29,12:01:15,32,28,983
19-08-29,12:01:30,32,28,986
19-08-29,12:01:45,32,28,986
19-08-29,12:02:00,32,28,988
19-08-29,12:02:15,32,28,985
19-08-29,12:02:30,32,28,981
19-08-29,12:02:45,32,29,984
19-08-29,12:03:00,32,29,977
19-08-29,12:03:15,32,29,977
19-08-29,12:03:30,32,29,972
19-08-29,12:03:45,32,29,960
19-08-29,12:04:00,32,29,949
19-08-29,12:04:15,32,29,948
19-08-29,12:04:30,32,29,936
19-08-29,12:04:45,32,28,945
19-08-29,12:05:00,32,28,937
19-08-29,12:05:15,32,29,947
19-08-29,12:05:30,32,29,945
19-08-29,12:05:45,32,29,937
19-08-29,12:06:00,32,29,948
19-08-29,12:06:15,32,29,911
19-08-29,12:06:30,32,30,911
19-08-29,12:06:45,32,30,920
19-08-29,12:07:00,32,29,924
19-08-29,12:07:15,32,29,917
19-08-29,12:07:30,32,28,917
19-08-29,12:07:45,32,28,791
19-08-29,12:08:00,32,28,845
19-08-29,12:08:15,32,27,818
19-08-29,12:08:30,32,28,802
19-08-29,12:08:45,32,28,852
19-08-29,12:09:00,31,28,919
19-08-29,12:09:15,31,28,924
19-08-29,12:09:30,32,28,889
19-08-29,12:09:45,32,29,848
19-08-29,12:10:00,32,29,654
19-08-29,12:10:15,32,29,616
19-08-29,12:10:30,32,29,579
19-08-29,12:10:45,32,29,563
19-08-29,12:11:00,32,29,586
19-08-29,12:11:15,32,29,587
19-08-29,12:11:30,32,29,570
19-08-29,12:11:45,32,29,617
19-08-29,12:12:00,32,29,620
19-08-29,12:12:15,32,29,601
19-08-29,12:12:30,32,29,617
19-08-29,12:12:45,32,30,617
19-08-29,12:13:00,32,30,640
19-08-29,12:13:15,32,30,625
19-08-29,12:13:30,31,31,641
19-08-29,12:13:45,31,31,624
19-08-29,12:14:00,31,31,615
19-08-29,12:14:15,31,31,604
19-08-29,12:14:30,31,30,621
19-08-29,12:14:45,31,31,607
19-08-29,12:15:00,31,31,569
19-08-29,12:15:15,31,31,579
19-08-29,12:15:30,31,31,578
19-08-29,12:15:45,31,31,604
19-08-29,12:16:00,31,31,585
19-08-29,12:16:15,31,31,589
19-08-29,12:16:30,31,31,574
19-08-29,12:16:45,31,30,570
19-08-29,12:17:00,32,30,569
19-08-29,12:17:15,32,29,540
19-08-29,12:17:30,32,29,520
19-08-29,12:17:45,32,29,508
19-08-29,12:18:00,32,30,493
19-08-29,12:18:15,32,31,482
19-08-29,12:18:30,31,31,478
19-08-29,12:18:45,31,31,465
19-08-29,12:19:00,31,32,442
19-08-29,12:19:15,31,33,431
19-08-29,12:19:30,31,33,412
19-08-29,12:19:45,31,33,417
19-08-29,12:20:00,31,33,421
19-08-29,12:20:15,31,34,438
19-08-29,12:20:30,31,34,462
19-08-29,12:20:45,31,33,453
19-08-29,12:21:00,31,33,490
19-08-29,12:21:15,31,33,522
19-08-29,12:21:30,31,34,513
19-08-29,12:21:45,31,34,518
19-08-29,12:22:00,31,34,521
19-08-29,12:22:15,31,34,457
19-08-29,12:22:30,31,34,471
19-08-29,12:22:45,31,33,464
19-08-29,12:23:00,31,33,504
19-08-29,12:23:15,31,33,485
19-08-29,12:23:30,31,33,505
19-08-29,12:23:45,31,33,536
19-08-29,12:24:00,31,33,520
19-08-29,12:24:15,31,31,510
19-08-29,12:24:30,31,31,542
19-08-29,12:24:45,31,33,558
19-08-29,12:25:00,31,33,581
19-08-29,12:25:15,31,33,597
19-08-29,12:25:30,31,34,599
19-08-29,12:25:45,31,33,625
19-08-29,12:26:00,31,34,626
19-08-29,12:26:15,31,34,610
19-08-29,12:26:30,31,34,538
19-08-29,12:26:45,31,35,545
19-08-29,12:27:00,31,34,560
19-08-29,12:27:15,31,35,662
19-08-29,12:27:30,31,34,674
19-08-29,12:27:45,31,34,674
19-08-29,12:28:00,31,34,652
19-08-29,12:28:15,31,34,632
19-08-29,12:28:30,31,34,659
19-08-29,12:28:45,31,35,616
19-08-29,12:29:00,31,34,608
19-08-29,12:29:15,31,34,579
19-08-29,12:29:30,31,34,631
19-08-29,12:29:45,31,34,634
19-08-29,12:30:00,31,34,629
19-08-29,12:30:15,31,34,621
19-08-29,12:30:30,31,34,599
19-08-29,12:30:45,31,35,591
19-08-29,12:31:00,31,35,576
19-08-29,12:31:15,31,36,565
19-08-29,12:31:30,31,35,552
19-08-29,12:31:45,31,35,539
19-08-29,12:32:00,32,35,527
19-08-29,12:32:15,32,35,505
19-08-29,12:32:30,32,35,499
19-08-29,12:32:45,32,35,498
19-08-29,12:33:00,31,35,501
19-08-29,12:33:15,31,35,511
19-08-29,12:33:30,31,35,515
19-08-29,12:33:45,31,35,534
19-08-29,12:34:00,31,35,555
19-08-29,12:34:15,31,35,567
19-08-29,12:34:30,31,35,576
19-08-29,12:34:45,31,35,582
19-08-29,12:35:00,31,35,586
19-08-29,12:35:15,31,35,581
19-08-29,12:35:30,31,35,598
19-08-29,12:35:45,31,35,610
19-08-29,12:36:00,31,36,620
19-08-29,12:36:15,31,36,620
19-08-29,12:36:30,31,35,634
19-08-29,12:36:45,31,36,639
19-08-29,12:37:00,31,36,634
19-08-29,12:37:15,31,36,655
19-08-29,12:37:30,31,37,667
19-08-29,12:37:45,31,37,649
19-08-29,12:38:00,31,37,644
19-08-29,12:38:15,31,37,650
19-08-29,12:38:30,31,36,663
19-08-29,12:38:45,31,36,677
19-08-29,12:39:00,31,36,679
19-08-29,12:39:15,31,36,664
19-08-29,12:39:30,31,36,709
19-08-29,12:39:45,31,37,683
19-08-29,12:40:00,31,37,654
19-08-29,12:40:15,31,37,653
19-08-29,12:40:30,31,37,665
19-08-29,12:40:45,31,37,701
19-08-29,12:41:00,31,37,664
19-08-29,12:41:15,31,36,616
19-08-29,12:41:30,31,36,577
19-08-29,12:41:45,31,36,562
19-08-29,12:42:00,31,36,535
19-08-29,12:42:15,31,36,597
19-08-29,12:42:30,32,35,581
19-08-29,12:42:45,31,35,585
19-08-29,12:43:00,31,35,555
19-08-29,12:43:15,31,36,505
19-08-29,12:43:30,31,36,488
19-08-29,12:43:45,31,36,495
19-08-29,12:44:00,31,36,460
19-08-29,12:44:15,31,36,427
19-08-29,12:44:30,31,36,426
19-08-29,12:44:45,31,36,408
19-08-29,12:45:00,31,36,397
19-08-29,12:45:15,31,37,383
19-08-29,12:45:30,31,37,376
19-08-29,12:45:45,31,37,373
19-08-29,12:46:00,31,38,372
19-08-29,12:46:15,31,38,374
19-08-29,12:46:30,31,38,375
19-08-29,12:46:45,31,38,381
19-08-29,12:47:00,31,38,405
19-08-29,12:47:15,31,38,392
19-08-29,12:47:30,30,38,392
19-08-29,12:47:45,30,38,419
19-08-29,12:48:00,30,39,413
19-08-29,12:48:15,30,39,396
19-08-29,12:48:30,30,39,382
19-08-29,12:48:45,30,38,380
19-08-29,12:49:00,30,38,380
19-08-29,12:49:15,30,38,383
19-08-29,12:49:30,31,38,390
19-08-29,12:49:45,31,38,406
19-08-29,12:50:00,31,38,420
19-08-29,12:50:15,31,38,429
19-08-29,12:50:30,31,38,437
19-08-29,12:50:45,31,38,491
19-08-29,12:51:00,31,37,518
19-08-29,12:51:15,31,37,547
19-08-29,12:51:30,31,37,553
19-08-29,12:51:45,31,37,547
19-08-29,12:52:00,31,37,566
19-08-29,12:52:15,31,38,708
19-08-29,12:52:30,31,38,810
19-08-29,12:52:45,31,38,839
19-08-29,12:53:00,31,38,728
19-08-29,12:53:15,31,38,774
19-08-29,12:53:30,31,38,813
19-08-29,12:53:45,31,38,742
19-08-29,12:54:00,31,38,838
19-08-29,12:54:15,31,38,862
19-08-29,12:54:30,31,38,863
19-08-29,12:54:45,31,38,838
19-08-29,12:55:00,31,38,810
19-08-29,12:55:15,31,38,721
19-08-29,12:55:30,31,37,803
19-08-29,12:55:45,31,37,784
19-08-29,12:56:00,31,38,835
19-08-29,12:56:15,31,38,813
19-08-29,12:56:30,31,38,937
19-08-29,12:56:45,31,38,783
19-08-29,12:57:00,31,37,819
19-08-29,12:57:15,31,37,811
19-08-29,12:57:30,31,37,749
19-08-29,12:57:45,31,37,751
19-08-29,12:58:00,32,37,797
19-08-29,12:58:15,32,37,761
19-08-29,12:58:30,32,37,795
19-08-29,12:58:45,32,37,752
19-08-29,12:59:00,32,36,723
19-08-29,12:59:15,32,36,676
19-08-29,12:59:30,32,36,648
19-08-29,12:59:45,32,36,647
19-08-29,13:00:00,32,36,628
19-08-29,13:00:15,32,36,621
19-08-29,13:00:30,32,36,623
19-08-29,13:00:45,32,36,632
19-08-29,13:01:00,32,36,623
19-08-29,13:01:15,32,36,660
19-08-29,13:01:30,32,36,655
19-08-29,13:01:45,32,36,646
19-08-29,13:02:00,32,36,714
19-08-29,13:02:15,32,36,668
19-08-29,13:02:30,32,36,701
19-08-29,13:02:45,32,36,700
19-08-29,13:03:00,32,36,600
19-08-29,13:03:15,32,36,733
19-08-29,13:03:30,32,36,666
19-08-29,13:03:45,32,37,730
19-08-29,13:04:00,31,37,614
19-08-29,13:04:15,31,38,620
19-08-29,13:04:30,31,38,709
19-08-29,13:04:45,31,38,771
19-08-29,13:05:00,31,38,667
19-08-29,13:05:15,31,38,780
19-08-29,13:05:30,31,39,720
19-08-29,13:05:45,31,39,747
19-08-29,13:06:00,31,38,722
19-08-29,13:06:15,31,38,665
19-08-29,13:06:30,31,38,657
19-08-29,13:06:45,31,38,630
19-08-29,13:07:00,31,38,662
19-08-29,13:07:15,31,38,609
19-08-29,13:07:30,31,39,616
19-08-29,13:07:45,31,39,585
19-08-29,13:08:00,31,39,588
19-08-29,13:08:15,31,39,549
19-08-29,13:08:30,31,39,604
19-08-29,13:08:45,31,39,594
19-08-29,13:09:00,31,39,647
19-08-29,13:09:15,31,39,648
19-08-29,13:09:30,31,39,611
19-08-29,13:09:45,31,39,631
19-08-29,13:10:00,31,39,609
19-08-29,13:10:15,31,39,582
19-08-29,13:10:30,31,39,543
19-08-29,13:10:45,30,39,544
19-08-29,13:11:00,30,40,504
19-08-29,13:11:15,30,40,465
19-08-29,13:11:30,30,40,451
19-08-29,13:11:45,30,40,442
19-08-29,13:12:00,30,40,418
19-08-29,13:12:15,30,41,388
19-08-29,13:12:30,30,41,361
19-08-29,13:12:45,30,41,336
19-08-29,13:13:00,30,41,326
19-08-29,13:13:15,30,41,320
19-08-29,13:13:30,30,41,317
19-08-29,13:13:45,30,41,315
19-08-29,13:14:00,30,41,315
19-08-29,13:14:15,30,41,315
19-08-29,13:14:30,30,41,315
19-08-29,13:14:45,30,41,317
19-08-29,13:15:00,30,41,319
19-08-29,13:15:15,30,41,321
19-08-29,13:15:30,30,41,323
19-08-29,13:15:45,30,42,327
19-08-29,13:16:00,30,42,334
19-08-29,13:16:15,30,42,345
19-08-29,13:16:30,30,42,359
19-08-29,13:16:45,30,41,389
19-08-29,13:17:00,30,41,413
19-08-29,13:17:15,30,41,444
19-08-29,13:17:30,30,41,472
19-08-29,13:17:45,30,41,528
19-08-29,13:18:00,30,41,533
19-08-29,13:18:15,30,41,523
19-08-29,13:18:30,30,41,509
19-08-29,13:18:45,30,41,509
19-08-29,13:19:00,30,41,514
19-08-29,13:19:15,30,41,524
19-08-29,13:19:30,30,41,516
19-08-29,13:19:45,30,41,520
19-08-29,13:20:00,30,41,520
19-08-29,13:20:15,30,41,559
19-08-29,13:20:30,30,41,582
19-08-29,13:20:45,30,40,589
19-08-29,13:21:00,30,40,611
19-08-29,13:21:15,30,41,649
19-08-29,13:21:30,30,41,651
19-08-29,13:21:45,30,41,684
19-08-29,13:22:00,30,40,681
19-08-29,13:22:15,30,41,686
19-08-29,13:22:30,30,41,693
19-08-29,13:22:45,30,41,699
19-08-29,13:23:00,30,41,767
19-08-29,13:23:15,30,41,767
19-08-29,13:23:30,30,41,749
19-08-29,13:23:45,30,40,724
19-08-29,13:24:00,31,40,689
19-08-29,13:24:15,31,40,742
19-08-29,13:24:30,31,40,745
19-08-29,13:24:45,31,41,703
19-08-29,13:25:00,31,41,684
19-08-29,13:25:15,31,41,658
19-08-29,13:25:30,31,41,638
19-08-29,13:25:45,31,41,652
19-08-29,13:26:00,31,42,615
19-08-29,13:26:15,31,42,544
19-08-29,13:26:30,31,42,555
19-08-29,13:26:45,31,41,558
19-08-29,13:27:00,31,41,599
19-08-29,13:27:15,31,42,651
19-08-29,13:27:30,31,42,632
19-08-29,13:27:45,31,42,845
19-08-29,13:28:00,31,42,731
19-08-29,13:28:15,30,43,589
19-08-29,13:28:30,30,43,713
19-08-29,13:28:45,30,43,638
19-08-29,13:29:00,30,43,601
19-08-29,13:29:15,30,42,679
19-08-29,13:29:30,30,42,650
19-08-29,13:29:45,30,43,608
19-08-29,13:30:00,30,43,725
19-08-29,13:30:15,30,43,680
19-08-29,13:30:30,30,43,780
19-08-29,13:30:45,30,43,746
19-08-29,13:31:00,30,43,643
19-08-29,13:31:15,30,43,731
19-08-29,13:31:30,30,43,685
19-08-29,13:31:45,30,43,700
19-08-29,13:32:00,30,43,665
19-08-29,13:32:15,30,43,878
19-08-29,13:32:30,30,43,815
19-08-29,13:32:45,30,43,731
19-08-29,13:33:00,30,43,671
19-08-29,13:33:15,30,43,814
19-08-29,13:33:30,30,43,779
19-08-29,13:33:45,30,43,848
19-08-29,13:34:00,30,43,939
19-08-29,13:34:15,30,44,742
19-08-29,13:34:30,30,43,886
19-08-29,13:34:45,30,44,833
19-08-29,13:35:00,30,44,907
19-08-29,13:35:15,30,44,927
19-08-29,13:35:30,30,44,1037
19-08-29,13:35:45,30,43,996
19-08-29,13:36:00,30,43,1048
19-08-29,13:36:15,30,43,906
19-08-29,13:36:30,30,43,824
19-08-29,13:36:45,31,42,1047
19-08-29,13:37:00,31,43,1040
19-08-29,13:37:15,31,42,1033
19-08-29,13:37:30,31,42,1028
19-08-29,13:37:45,31,42,1022
19-08-29,13:38:00,31,42,1018
19-08-29,13:38:15,31,42,1014
19-08-29,13:38:30,31,42,1013
19-08-29,13:38:45,31,42,1012
19-08-29,13:39:00,31,41,1010
19-08-29,13:39:15,31,41,1008
19-08-29,13:39:30,31,40,1009
19-08-29,13:39:45,31,40,1009
19-08-29,13:40:00,31,41,976
19-08-29,13:40:15,31,41,1012
19-08-29,13:40:30,31,41,923
19-08-29,13:40:45,31,41,922
19-08-29,13:41:00,31,41,840
19-08-29,13:41:15,31,42,960
19-08-29,13:41:30,31,42,719
19-08-29,13:41:45,31,42,746
19-08-29,13:42:00,31,42,610
19-08-29,13:42:15,31,42,634
19-08-29,13:42:30,31,42,854
19-08-29,13:42:45,31,42,725
19-08-29,13:43:00,31,42,818
19-08-29,13:43:15,31,42,650
19-08-29,13:43:30,31,42,881
19-08-29,13:43:45,31,42,726
19-08-29,13:44:00,31,41,906
19-08-29,13:44:15,31,41,889
19-08-29,13:44:30,31,41,954
19-08-29,13:44:45,31,41,963
19-08-29,13:45:00,31,41,956
19-08-29,13:45:15,31,40,965
19-08-29,13:45:30,31,40,959
19-08-29,13:45:45,31,40,951
19-08-29,13:46:00,31,40,943
19-08-29,13:46:15,31,40,937
19-08-29,13:46:30,31,40,927
19-08-29,13:46:45,31,40,927
19-08-29,13:47:00,31,40,920
19-08-29,13:47:15,31,40,917
19-08-29,13:47:30,31,40,913
19-08-29,13:47:45,31,40,900
19-08-29,13:48:00,31,40,887
19-08-29,13:48:15,31,40,868
19-08-29,13:48:30,31,40,885
19-08-29,13:48:45,31,40,879
19-08-29,13:49:00,31,40,880
19-08-29,13:49:15,31,39,875
19-08-29,13:49:30,31,39,878
19-08-29,13:49:45,31,39,763
19-08-29,13:50:00,31,39,783
19-08-29,13:50:15,31,39,775
19-08-29,13:50:30,31,40,652
19-08-29,13:50:45,31,40,724
19-08-29,13:51:00,31,40,592
19-08-29,13:51:15,31,40,688
19-08-29,13:51:30,31,40,719
19-08-29,13:51:45,31,40,722
19-08-29,13:52:00,31,41,836
19-08-29,13:52:15,31,40,843
19-08-29,13:52:30,31,40,869
19-08-29,13:52:45,31,39,869
19-08-29,13:53:00,31,38,863
19-08-29,13:53:15,32,38,852
19-08-29,13:53:30,32,38,868
19-08-29,13:53:45,32,38,778
19-08-29,13:54:00,32,38,789
19-08-29,13:54:15,32,38,778
19-08-29,13:54:30,32,38,685
19-08-29,13:54:45,32,38,653
19-08-29,13:55:00,32,38,626
19-08-29,13:55:15,31,38,682
19-08-29,13:55:30,31,39,774
19-08-29,13:55:45,31,39,805
19-08-29,13:56:00,31,39,813
19-08-29,13:56:15,31,39,857
19-08-29,13:56:30,31,39,853
19-08-29,13:56:45,31,40,838
19-08-29,13:57:00,31,40,852
19-08-29,13:57:15,31,40,857
19-08-29,13:57:30,30,40,868
19-08-29,13:57:45,30,40,871
19-08-29,13:58:00,31,40,873
19-08-29,13:58:15,31,40,859
19-08-29,13:58:30,31,39,856
19-08-29,13:58:45,31,39,843
19-08-29,13:59:00,31,39,864
19-08-29,13:59:15,31,38,868
19-08-29,13:59:30,31,38,854
19-08-29,13:59:45,31,38,865
19-08-29,14:00:00,31,38,820
19-08-29,14:00:15,31,38,769
19-08-29,14:00:30,31,38,792
19-08-29,14:00:45,31,38,845
19-08-29,14:01:00,31,38,858
19-08-29,14:01:15,31,38,859
19-08-29,14:01:30,31,37,859
19-08-29,14:01:45,31,37,859
19-08-29,14:02:00,31,36,858
19-08-29,14:02:15,31,36,858
19-08-29,14:02:30,31,36,856
19-08-29,14:02:45,31,36,859
19-08-29,14:03:00,31,36,863
19-08-29,14:03:15,31,36,870
19-08-29,14:03:30,31,36,622
19-08-29,14:03:45,31,36,662
19-08-29,14:04:00,31,36,611
19-08-29,14:04:15,31,36,685
19-08-29,14:04:30,31,36,912
19-08-29,14:04:45,31,36,898
19-08-29,14:05:00,31,36,385
19-08-29,14:05:15,31,36,481
19-08-29,14:05:30,31,36,434
19-08-29,14:05:45,31,37,547
19-08-29,14:06:00,31,37,777
19-08-29,14:06:15,31,37,798
19-08-29,14:06:30,31,37,862
19-08-29,14:06:45,31,37,871
19-08-29,14:07:00,31,36,880
19-08-29,14:07:15,31,36,859
19-08-29,14:07:30,31,36,726
19-08-29,14:07:45,31,36,667
19-08-29,14:08:00,31,35,549
19-08-29,14:08:15,31,35,649
19-08-29,14:08:30,31,35,612
19-08-29,14:08:45,31,36,728
19-08-29,14:09:00,31,36,833
19-08-29,14:09:15,31,36,880
19-08-29,14:09:30,31,36,696
19-08-29,14:09:45,31,37,738
19-08-29,14:10:00,31,37,801
19-08-29,14:10:15,31,37,788
19-08-29,14:10:30,31,36,861
19-08-29,14:10:45,31,36,864
19-08-29,14:11:00,31,36,856
19-08-29,14:11:15,31,36,854
19-08-29,14:11:30,31,36,852
19-08-29,14:11:45,31,36,847
19-08-29,14:12:00,31,36,845
19-08-29,14:12:15,31,35,842
19-08-29,14:12:30,31,35,839
19-08-29,14:12:45,31,35,838
19-08-29,14:13:00,31,35,836
19-08-29,14:13:15,31,35,834
19-08-29,14:13:30,31,35,832
19-08-29,14:13:45,31,36,828
19-08-29,14:14:00,31,35,825
19-08-29,14:14:15,31,35,825
19-08-29,14:14:30,31,35,824
19-08-29,14:14:45,31,35,822
19-08-29,14:15:00,31,35,819
19-08-29,14:15:15,31,35,819
19-08-29,14:15:30,31,35,816
19-08-29,14:15:45,31,35,816
19-08-29,14:16:00,31,35,808
19-08-29,14:16:15,31,35,793
19-08-29,14:16:30,31,35,779
19-08-29,14:16:45,31,35,751
19-08-29,14:17:00,31,35,711
19-08-29,14:17:15,31,35,639
19-08-29,14:17:30,31,35,561
19-08-29,14:17:45,31,35,520
19-08-29,14:18:00,31,35,451
19-08-29,14:18:15,31,35,462
19-08-29,14:18:30,31,35,410
19-08-29,14:18:45,30,35,408
19-08-29,14:19:00,30,35,395
19-08-29,14:19:15,30,36,398
19-08-29,14:19:30,30,35,385
19-08-29,14:19:45,30,36,383
19-08-29,14:20:00,30,36,362
19-08-29,14:20:15,30,36,322
19-08-29,14:20:30,30,36,316
19-08-29,14:20:45,30,37,265
19-08-29,14:21:00,30,37,279
19-08-29,14:21:15,30,37,320
19-08-29,14:21:30,30,37,353
19-08-29,14:21:45,30,37,391
19-08-29,14:22:00,30,37,402
19-08-29,14:22:15,30,37,385
19-08-29,14:22:30,30,36,397
19-08-29,14:22:45,30,37,387
19-08-29,14:23:00,30,37,360
19-08-29,14:23:15,30,37,379
19-08-29,14:23:30,30,37,411
19-08-29,14:23:45,30,37,368
19-08-29,14:24:00,30,38,371
19-08-29,14:24:15,30,38,345
19-08-29,14:24:30,30,38,334
19-08-29,14:24:45,30,37,360
19-08-29,14:25:00,30,37,366
19-08-29,14:25:15,30,37,365
19-08-29,14:25:30,30,38,362
19-08-29,14:25:45,30,38,329
19-08-29,14:26:00,30,38,379
19-08-29,14:26:15,30,37,387
19-08-29,14:26:30,30,38,406
19-08-29,14:26:45,30,38,424
19-08-29,14:27:00,30,38,422
19-08-29,14:27:15,30,38,347
19-08-29,14:27:30,30,38,301
19-08-29,14:27:45,30,38,295
19-08-29,14:28:00,30,38,293
19-08-29,14:28:15,29,39,292
19-08-29,14:28:30,29,38,291
19-08-29,14:28:45,29,39,289
19-08-29,14:29:00,29,39,290
19-08-29,14:29:15,29,38,290
19-08-29,14:29:30,29,38,290
19-08-29,14:29:45,29,38,291
19-08-29,14:30:00,29,38,291
19-08-29,14:30:15,29,38,293
19-08-29,14:30:30,29,38,293
19-08-29,14:30:45,29,39,294
19-08-29,14:31:00,29,39,296
19-08-29,14:31:15,29,39,297
19-08-29,14:31:30,29,38,299
19-08-29,14:31:45,29,38,300
19-08-29,14:32:00,29,38,302
19-08-29,14:32:15,29,38,304
19-08-29,14:32:30,30,37,309
19-08-29,14:32:45,30,37,315
19-08-29,14:33:00,30,37,317
19-08-29,14:33:15,30,37,319
19-08-29,14:33:30,30,37,323
19-08-29,14:33:45,30,37,327
19-08-29,14:34:00,29,37,330
19-08-29,14:34:15,30,37,332
19-08-29,14:34:30,30,37,335
19-08-29,14:34:45,30,37,340
19-08-29,14:35:00,29,36,347
19-08-29,14:35:15,29,37,356
19-08-29,14:35:30,29,37,363
19-08-29,14:35:45,29,37,372
19-08-29,14:36:00,29,37,379
19-08-29,14:36:15,29,37,415
19-08-29,14:36:30,29,37,440
19-08-29,14:36:45,29,36,455
19-08-29,14:37:00,29,36,539
19-08-29,14:37:15,29,36,607
19-08-29,14:37:30,29,36,650
19-08-29,14:37:45,30,36,680
19-08-29,14:38:00,30,35,700
19-08-29,14:38:15,30,35,704
19-08-29,14:38:30,30,34,699
19-08-29,14:38:45,30,34,701
19-08-29,14:39:00,30,34,717
19-08-29,14:39:15,30,34,711
19-08-29,14:39:30,30,33,728
19-08-29,14:39:45,30,33,730
19-08-29,14:40:00,30,34,743
19-08-29,14:40:15,30,34,744
19-08-29,14:40:30,30,34,754
19-08-29,14:40:45,30,34,647
19-08-29,14:41:00,30,34,677
19-08-29,14:41:15,30,34,683
19-08-29,14:41:30,30,34,624
19-08-29,14:41:45,30,33,595
19-08-29,14:42:00,30,33,603
19-08-29,14:42:15,30,33,683
19-08-29,14:42:30,30,33,690
19-08-29,14:42:45,30,34,757
19-08-29,14:43:00,30,34,798
19-08-29,14:43:15,30,34,756
19-08-29,14:43:30,30,34,760
19-08-29,14:43:45,30,34,797
19-08-29,14:44:00,30,34,863
19-08-29,14:44:15,30,35,861
19-08-29,14:44:30,30,34,864
19-08-29,14:44:45,30,34,872
19-08-29,14:45:00,31,34,863
19-08-29,14:45:15,31,34,877
19-08-29,14:45:30,31,34,870
19-08-29,14:45:45,31,34,875
19-08-29,14:46:00,31,34,876
19-08-29,14:46:15,31,34,875
19-08-29,14:46:30,31,34,872
19-08-29,14:46:45,31,35,868
19-08-29,14:47:00,31,34,863
19-08-29,14:47:15,31,34,861
19-08-29,14:47:30,31,34,859
19-08-29,14:47:45,31,34,854
19-08-29,14:48:00,31,34,822
19-08-29,14:48:15,31,34,815
19-08-29,14:48:30,31,34,839
19-08-29,14:48:45,31,34,839
19-08-29,14:49:00,31,34,831
19-08-29,14:49:15,31,34,830
19-08-29,14:49:30,31,34,821
19-08-29,14:49:45,31,34,825
19-08-29,14:50:00,31,34,825
19-08-29,14:50:15,31,34,823
19-08-29,14:50:30,31,34,823
19-08-29,14:50:45,31,34,815
19-08-29,14:51:00,31,34,817
19-08-29,14:51:15,31,34,783
19-08-29,14:51:30,31,34,778
19-08-29,14:51:45,31,34,793
19-08-29,14:52:00,31,34,790
19-08-29,14:52:15,31,34,747
19-08-29,14:52:30,31,34,691
19-08-29,14:52:45,31,34,614
19-08-29,14:53:00,31,34,583
19-08-29,14:53:15,31,34,522
19-08-29,14:53:30,31,34,538
19-08-29,14:53:45,31,35,512
19-08-29,14:54:00,31,33,508
19-08-29,14:54:15,31,32,519
19-08-29,14:54:30,31,32,517
19-08-29,14:54:45,30,32,574
19-08-29,14:55:00,30,32,583
19-08-29,14:55:15,30,32,506
19-08-29,14:55:30,30,33,573
19-08-29,14:55:45,30,33,590
19-08-29,14:56:00,30,33,622
19-08-29,14:56:15,30,33,578
19-08-29,14:56:30,30,33,556
19-08-29,14:56:45,30,33,514
19-08-29,14:57:00,30,33,508
19-08-29,14:57:15,30,33,500
19-08-29,14:57:30,30,33,428
19-08-29,14:57:45,30,33,431
19-08-29,14:58:00,30,33,448
19-08-29,14:58:15,30,33,455
19-08-29,14:58:30,30,33,475
19-08-29,14:59:00,30,33,496
19-08-29,14:59:15,30,32,491
19-08-29,14:59:30,30,31,437
19-08-29,14:59:45,30,31,469
19-08-29,15:00:00,30,31,455
19-08-29,15:00:15,30,31,449
19-08-29,15:00:30,30,31,417
19-08-29,15:01:00,30,32,318
19-08-29,15:01:15,30,33,317
19-08-29,15:01:30,30,32,334
19-08-29,15:01:45,30,32,334
19-08-29,15:02:00,31,32,312
19-08-29,15:02:15,31,32,306
19-08-29,15:02:30,31,32,299
19-08-29,15:02:45,31,32,291
19-08-29,15:03:00,31,32,284
19-08-29,15:03:15,31,32,278
19-08-29,15:03:30,30,32,274
19-08-29,15:03:45,30,32,270
19-08-29,15:04:00,30,32,267
19-08-29,15:04:15,30,32,266
19-08-29,15:04:30,30,32,264
19-08-29,15:04:45,30,33,263
19-08-29,15:05:00,30,34,261
19-08-29,15:05:15,30,33,259
19-08-29,15:05:30,30,32,258
19-08-29,15:05:45,30,32,257
19-08-29,15:06:00,30,32,256
19-08-29,15:06:15,30,32,254
19-08-29,15:06:30,30,32,253
19-08-29,15:06:45,30,32,253
19-08-29,15:07:00,30,32,252
19-08-29,15:07:15,31,32,251
19-08-29,15:07:30,31,30,251
19-08-29,15:07:45,31,30,251
19-08-29,15:08:00,31,31,252
19-08-29,15:08:15,31,41,252
19-08-29,15:08:30,30,44,254
19-08-29,15:08:45,30,45,254
19-08-29,15:09:00,30,46,256
19-08-29,15:09:15,30,47,259
19-08-29,15:09:30,29,48,260
19-08-29,15:09:45,29,49,260
19-08-29,15:10:00,29,49,260
19-08-29,15:10:15,29,49,261
19-08-29,15:10:30,28,50,262
19-08-29,15:10:45,28,50,262
19-08-29,15:11:00,28,50,264
19-08-29,15:11:15,28,50,265
19-08-29,15:11:30,28,49,267
19-08-29,15:11:45,28,48,267
19-08-29,15:12:00,28,48,268
19-08-29,15:12:15,28,48,270
19-08-29,15:12:30,28,49,271
19-08-29,15:12:45,28,51,275
19-08-29,15:13:00,28,51,279
19-08-29,15:13:15,28,51,282
19-08-29,15:13:30,28,51,284
19-08-29,15:13:45,28,51,287
19-08-29,15:14:00,28,51,292
19-08-29,15:14:15,28,49,297
19-08-29,15:14:30,28,49,303
19-08-29,15:14:45,28,49,309
19-08-29,15:15:00,28,49,314
19-08-29,15:15:15,28,49,317
19-08-29,15:15:30,28,48,321
19-08-29,15:15:45,28,50,326
19-08-29,15:16:00,28,50,334
19-08-29,15:16:15,28,51,341
19-08-29,15:16:30,28,51,349
19-08-29,15:16:45,28,51,364
19-08-29,15:17:00,28,51,383
19-08-29,15:17:15,28,52,399
19-08-29,15:17:30,28,52,407
19-08-29,15:17:45,28,52,411
19-08-29,15:18:00,28,52,400
19-08-29,15:18:15,28,52,402
19-08-29,15:18:30,28,52,411
19-08-29,15:18:45,28,52,404
19-08-29,15:19:00,28,52,413
19-08-29,15:19:15,28,52,434
19-08-29,15:19:30,28,52,407
19-08-29,15:19:45,28,52,412
19-08-29,15:20:00,28,52,420
19-08-29,15:20:15,28,53,440
19-08-29,15:20:30,28,53,442
19-08-29,15:20:45,28,52,440
19-08-29,15:21:00,28,52,455
19-08-29,15:21:15,28,52,452
19-08-29,15:21:30,28,52,455
19-08-29,15:21:45,28,52,444
19-08-29,15:22:00,28,52,467
19-08-29,15:22:15,28,51,494
19-08-29,15:22:30,28,51,500
19-08-29,15:22:45,28,50,502
19-08-29,15:23:00,28,48,504
19-08-29,15:23:15,29,48,498
19-08-29,15:23:30,28,48,487
19-08-29,15:23:45,28,48,495
19-08-29,15:24:00,28,48,499
19-08-29,15:24:15,28,49,455
19-08-29,15:24:30,28,50,406
19-08-29,15:24:45,28,47,379
19-08-29,15:25:00,29,49,378
19-08-29,15:25:15,29,49,372
19-08-29,15:25:30,29,49,354
19-08-29,15:25:45,29,49,341
19-08-29,15:26:00,29,49,333
19-08-29,15:26:15,29,49,325
19-08-29,15:26:30,29,49,315
19-08-29,15:26:45,29,49,309
19-08-29,15:27:00,29,49,313
19-08-29,15:27:15,29,49,312
19-08-29,15:27:30,29,49,318
19-08-29,15:27:45,29,49,323
19-08-29,15:28:00,29,48,318
19-08-29,15:28:15,29,48,308
19-08-29,15:28:30,29,48,319
19-08-29,15:28:45,29,47,320
19-08-29,15:29:00,29,47,313
19-08-29,15:29:15,29,47,306
19-08-29,15:29:30,29,49,295
19-08-29,15:29:45,29,49,283
19-08-29,15:30:00,29,49,275
19-08-29,15:30:15,29,49,271
19-08-29,15:30:30,29,49,266
19-08-29,15:30:45,29,49,262
19-08-29,15:31:00,29,49,261
19-08-29,15:31:15,29,49,257
19-08-29,15:31:30,29,49,255
19-08-29,15:31:45,29,48,252
19-08-29,15:32:00,29,48,251
19-08-29,15:32:15,29,48,250
19-08-29,15:32:30,29,48,249
19-08-29,15:32:45,29,48,248
19-08-29,15:33:00,29,49,246
19-08-29,15:33:15,29,49,245
19-08-29,15:33:30,29,49,245
19-08-29,15:33:45,29,49,244
19-08-29,15:34:00,29,49,244
19-08-29,15:34:15,29,48,244
19-08-29,15:34:30,29,48,244
19-08-29,15:34:45,29,48,245
19-08-29,15:35:00,29,49,245
19-08-29,15:35:15,29,48,245
19-08-29,15:35:30,29,48,246
19-08-29,15:35:45,29,48,247
19-08-29,15:36:00,29,48,248
19-08-29,15:36:15,29,49,250
19-08-29,15:36:30,29,49,252
19-08-29,15:36:45,29,49,255
19-08-29,15:37:00,29,48,258
19-08-29,15:37:15,29,48,262
19-08-29,15:37:30,29,48,266
19-08-29,15:37:45,29,48,268
19-08-29,15:38:00,29,48,273
19-08-29,15:38:15,29,47,281
19-08-29,15:38:30,29,47,289
19-08-29,15:38:45,29,47,298
19-08-29,15:39:00,29,47,310
19-08-29,15:39:15,29,47,320
19-08-29,15:39:30,29,47,331
19-08-29,15:39:45,29,46,345
19-08-29,15:40:00,29,46,361
19-08-29,15:40:15,29,46,372
19-08-29,15:40:30,29,45,377
19-08-29,15:40:45,29,42,395
19-08-29,15:41:00,29,41,405
19-08-29,15:41:15,29,41,407
19-08-29,15:41:30,29,41,406
19-08-29,15:41:45,29,41,416
19-08-29,15:42:00,29,41,411
19-08-29,15:42:15,29,41,405
19-08-29,15:42:30,29,41,397
19-08-29,15:42:45,29,40,403
19-08-29,15:43:00,29,40,405
19-08-29,15:43:15,30,42,412
19-08-29,15:43:30,30,42,425
19-08-29,15:43:45,30,43,441
19-08-29,15:44:00,30,46,450
19-08-29,15:44:15,30,47,463
19-08-29,15:44:30,30,47,444
19-08-29,15:44:45,30,48,429
19-08-29,15:45:00,30,48,415
19-08-29,15:45:15,30,48,398
19-08-29,15:45:30,30,48,390
19-08-29,15:45:45,30,48,384
19-08-29,15:46:00,30,48,383
19-08-29,15:46:15,30,48,382
19-08-29,15:46:30,30,48,387
19-08-29,15:46:45,30,48,402
19-08-29,15:47:00,30,48,408
19-08-29,15:47:15,30,47,413
19-08-29,15:47:30,30,47,405
19-08-29,15:47:45,30,47,408
19-08-29,15:48:00,30,48,406
19-08-29,15:48:15,30,48,409
19-08-29,15:48:30,30,48,422
19-08-29,15:48:45,30,49,428
19-08-29,15:49:00,30,49,427
19-08-29,15:49:15,29,49,419
19-08-29,15:49:30,29,48,416
19-08-29,15:49:45,29,48,420
19-08-29,15:50:00,29,48,428
19-08-29,15:50:15,29,49,436
19-08-29,15:50:30,29,48,441
19-08-29,15:50:45,30,48,449
19-08-29,15:51:00,30,48,469
19-08-29,15:51:15,30,48,481
19-08-29,15:51:30,30,48,499
19-08-29,15:51:45,30,49,489
19-08-29,15:52:00,30,49,455
19-08-29,15:52:15,30,49,472
19-08-29,15:52:30,30,49,479
19-08-29,15:52:45,30,48,503
19-08-29,15:53:00,30,48,435
19-08-29,15:53:15,30,48,429
19-08-29,15:53:30,30,47,417
19-08-29,15:53:45,30,48,422
19-08-29,15:54:00,30,48,454
19-08-29,15:54:15,30,48,474
19-08-29,15:54:30,30,47,475
19-08-29,15:54:45,30,47,469
19-08-29,15:55:00,30,47,459
19-08-29,15:55:15,30,47,441
19-08-29,15:55:30,30,47,451
19-08-29,15:55:45,30,47,491
19-08-29,15:56:00,30,47,476
19-08-29,15:56:15,29,47,481
19-08-29,15:56:30,29,47,501
19-08-29,15:56:45,29,48,523
19-08-29,15:57:00,29,48,528
19-08-29,15:57:15,29,48,522
19-08-29,15:57:30,29,48,491
19-08-29,15:57:45,29,47,472
19-08-29,15:58:00,30,47,412
19-08-29,15:58:15,30,46,428
19-08-29,15:58:30,30,46,437
19-08-29,15:58:45,30,46,463
19-08-29,15:59:00,30,46,467
19-08-29,15:59:15,30,45,461
19-08-29,15:59:30,30,45,498
19-08-29,15:59:45,30,44,522
19-08-29,16:00:00,30,44,524
19-08-29,16:00:15,30,43,523
19-08-29,16:00:30,30,43,533
19-08-29,16:00:45,30,44,541
19-08-29,16:01:00,30,44,533
19-08-29,16:01:15,30,44,496
19-08-29,16:01:30,30,45,483
19-08-29,16:01:45,30,45,486
19-08-29,16:02:00,30,45,506
19-08-29,16:02:15,30,42,473
19-08-29,16:02:30,30,42,411
19-08-29,16:02:45,30,40,428
19-08-29,16:03:00,30,42,421
19-08-29,16:03:15,30,42,437
19-08-29,16:03:30,30,41,391
19-08-29,16:03:45,30,40,367
19-08-29,16:04:00,30,39,393
19-08-29,16:04:15,30,39,439
19-08-29,16:04:30,30,39,462
19-08-29,16:04:45,30,39,462
19-08-29,16:05:00,30,39,469
19-08-29,16:05:15,30,39,493
19-08-29,16:05:30,30,39,490
19-08-29,16:05:45,30,39,477
19-08-29,16:06:00,31,38,450
19-08-29,16:06:15,31,38,452
19-08-29,16:06:30,31,39,444
19-08-29,16:06:45,31,38,449
19-08-29,16:07:00,31,38,458
19-08-29,16:07:15,31,38,452
19-08-29,16:07:30,30,38,453
19-08-29,16:07:45,30,38,458
19-08-29,16:08:00,30,38,455
19-08-29,16:08:15,30,39,453
19-08-29,16:08:30,30,39,452
19-08-29,16:08:45,30,39,433
19-08-29,16:09:00,30,39,406
19-08-29,16:09:15,30,39,397
19-08-29,16:09:30,30,39,386
19-08-29,16:09:45,30,39,375
19-08-29,16:10:00,30,39,380
19-08-29,16:10:15,30,39,386
19-08-29,16:10:30,30,39,374
19-08-29,16:10:45,30,39,334
19-08-29,16:11:00,30,39,314
19-08-29,16:11:15,30,39,298
19-08-29,16:11:30,30,39,302
19-08-29,16:11:45,30,39,288
19-08-29,16:12:00,30,39,272
19-08-29,16:12:15,30,39,279
19-08-29,16:12:30,30,39,274
19-08-29,16:12:45,30,39,268
19-08-29,16:13:00,30,39,255
19-08-29,16:13:15,30,39,224
19-08-29,16:13:30,30,39,217
19-08-29,16:13:45,29,39,217
19-08-29,16:14:00,29,39,212
19-08-29,16:14:15,29,40,202
19-08-29,16:14:45,29,40,195
19-08-29,16:15:00,29,40,194
19-08-29,16:15:15,29,40,197
19-08-29,16:15:30,29,40,202
19-08-29,16:15:45,29,40,204
19-08-29,16:16:00,29,40,211
19-08-29,16:16:15,29,40,219
19-08-29,16:16:30,29,41,217
19-08-29,16:16:45,29,41,238
19-08-29,16:17:00,29,41,258
19-08-29,16:17:15,29,41,262
19-08-29,16:17:30,29,41,261
19-08-29,16:17:45,29,41,240
19-08-29,16:18:00,29,42,234
19-08-29,16:18:15,29,41,242
19-08-29,16:18:30,29,41,266
19-08-29,16:18:45,29,41,280
19-08-29,16:19:00,29,41,254
19-08-29,16:19:15,29,41,224
19-08-29,16:19:30,29,41,231
19-08-29,16:19:45,29,41,262
19-08-29,16:20:00,29,40,274
19-08-29,16:20:15,29,40,248
19-08-29,16:20:30,29,40,236
19-08-29,16:20:45,29,40,271
19-08-29,16:21:00,29,40,281
19-08-29,16:21:15,29,41,310
19-08-29,16:21:30,29,41,351
19-08-29,16:21:45,29,41,336
19-08-29,16:22:00,29,41,368
19-08-29,16:22:15,29,40,362
19-08-29,16:22:30,29,40,364
19-08-29,16:22:45,29,40,377
19-08-29,16:23:00,29,41,343
19-08-29,16:23:15,29,40,341
19-08-29,16:23:30,29,40,352
19-08-29,16:23:45,29,41,382
19-08-29,16:24:00,29,40,406
19-08-29,16:24:15,29,41,374
19-08-29,16:24:30,29,41,413
19-08-29,16:24:45,29,41,459
19-08-29,16:25:00,30,40,468
19-08-29,16:25:15,30,42,466
19-08-29,16:25:30,30,44,469
19-08-29,16:25:45,30,42,469
19-08-29,16:26:00,30,44,467
19-08-29,16:26:15,30,45,461
19-08-29,16:26:30,30,46,459
19-08-29,16:26:45,30,44,458
19-08-29,16:27:00,30,42,461
19-08-29,16:27:15,30,44,460
19-08-29,16:27:30,30,45,458
19-08-29,16:27:45,30,45,456
19-08-29,16:28:00,31,45,455
19-08-29,16:28:15,31,45,452
19-08-29,16:28:30,31,44,451
19-08-29,16:28:45,31,44,447
19-08-29,16:29:00,31,44,444
19-08-29,16:29:15,30,44,443
19-08-29,16:30:00,30,44,429
19-08-29,16:30:15,30,44,428
19-08-29,16:30:30,30,44,421
19-08-29,16:30:45,31,44,423
19-08-29,16:31:00,31,43,422
19-08-29,16:31:15,31,43,411
19-08-29,16:31:30,31,43,419
19-08-29,16:31:45,31,43,417
19-08-29,16:32:00,31,43,414
19-08-29,16:32:15,31,43,408
19-08-29,16:32:30,31,43,408
19-08-29,16:32:45,31,42,406
19-08-29,16:33:00,31,40,405
19-08-29,16:33:15,31,39,403
19-08-29,16:33:30,31,38,400
19-08-29,16:33:45,31,38,398
19-08-29,16:34:00,31,39,398
19-08-29,16:34:15,31,39,396
19-08-29,16:34:30,31,38,393
19-08-29,16:34:45,31,39,392
19-08-29,16:35:00,31,38,391
19-08-29,16:35:15,31,38,389
19-08-29,16:35:30,31,38,383
19-08-29,16:35:45,31,38,373
19-08-29,16:36:00,31,37,383
19-08-29,16:36:15,31,37,383
19-08-29,16:36:30,31,37,381
19-08-29,16:36:45,31,37,380
19-08-29,16:37:00,31,37,379
19-08-29,16:37:15,31,37,378
19-08-29,16:37:30,31,37,374
19-08-29,16:37:45,31,37,369
19-08-29,16:38:00,31,37,374
19-08-29,16:38:15,31,37,373
19-08-29,16:38:30,30,37,373
19-08-29,16:38:45,30,37,372
19-08-29,16:39:00,30,38,359
19-08-29,16:39:15,30,38,331
19-08-29,16:39:30,30,38,227
19-08-29,16:39:45,30,38,190
19-08-29,16:40:00,30,39,213
19-08-29,16:40:15,30,39,229
19-08-29,16:40:30,30,39,265
19-08-29,16:40:45,30,39,250
19-08-29,16:41:00,30,39,328
19-08-29,16:41:15,30,39,312
19-08-29,16:41:30,30,39,287
19-08-29,16:41:45,30,39,298
19-08-29,16:42:00,30,39,330
19-08-29,16:42:15,30,39,243
19-08-29,16:42:30,30,39,207
19-08-29,16:42:45,30,39,235
19-08-29,16:43:00,30,40,291
19-08-29,16:43:15,30,40,322
19-08-29,16:43:30,29,40,336
19-08-29,16:43:45,29,40,325
19-08-29,16:44:00,29,40,286
19-08-29,16:44:15,29,40,233
19-08-29,16:44:30,29,40,210
19-08-29,16:44:45,29,40,248
19-08-29,16:45:00,29,40,317
19-08-29,16:45:15,29,39,336
19-08-29,16:45:30,29,39,334
19-08-29,16:45:45,29,39,333
19-08-29,16:46:00,29,39,331
19-08-29,16:46:15,29,39,328
19-08-29,16:46:30,29,40,327
19-08-29,16:46:45,29,40,324
19-08-29,16:47:00,29,40,323
19-08-29,16:47:15,29,40,321
19-08-29,16:47:30,29,39,320
19-08-29,16:47:45,29,39,318
19-08-29,16:48:00,29,40,317
19-08-29,16:48:15,29,40,316
19-08-29,16:48:30,29,40,315
19-08-29,16:48:45,30,40,314
19-08-29,16:49:00,29,40,313
19-08-29,16:49:15,29,40,312
19-08-29,16:49:30,29,40,310
19-08-29,16:49:45,29,40,309
19-08-29,16:50:00,29,40,307
19-08-29,16:50:15,29,40,306
19-08-29,16:50:30,29,40,305
19-08-29,16:50:45,29,40,304
19-08-29,16:51:00,29,40,302
19-08-29,16:51:15,29,40,301
19-08-29,16:51:30,29,40,299
19-08-29,16:51:45,29,40,298
19-08-29,16:52:00,29,40,298
19-08-29,16:52:15,29,40,298
19-08-29,16:52:30,29,40,297
19-08-29,16:52:45,29,40,296
19-08-29,16:53:00,29,40,295
19-08-29,16:53:15,29,40,293
19-08-29,16:53:30,29,40,292
19-08-29,16:53:45,29,40,291
19-08-29,16:54:00,29,40,289
19-08-29,16:54:15,29,40,289
19-08-29,16:54:30,29,40,288
19-08-29,16:54:45,29,40,287
19-08-29,16:55:00,29,40,285
19-08-29,16:55:15,29,40,284
19-08-29,16:55:30,29,39,282
19-08-29,16:55:45,29,39,281
19-08-29,16:56:00,30,39,280
19-08-29,16:56:15,30,40,279
19-08-29,16:56:30,29,40,277
19-08-29,16:56:45,29,40,276
19-08-29,16:57:00,29,40,274
19-08-29,16:57:15,29,40,272
19-08-29,16:57:30,29,40,271
19-08-29,16:57:45,29,40,270
19-08-29,16:58:00,29,40,269
19-08-29,16:58:15,29,40,268
19-08-29,16:58:30,29,40,267
19-08-29,16:58:45,29,40,266
19-08-29,16:59:00,29,40,265
19-08-29,16:59:15,29,40,264
19-08-29,16:59:30,29,40,264
19-08-29,16:59:45,29,40,263
19-08-29,17:00:00,29,40,263
19-08-29,17:00:15,29,40,262
19-08-29,17:00:30,29,40,262
19-08-29,17:00:45,29,40,262
19-08-29,17:01:00,29,40,261
19-08-29,17:01:15,29,40,260
19-08-29,17:01:30,29,41,259
19-08-29,17:01:45,29,40,258
19-08-29,17:02:00,29,40,256
19-08-29,17:02:15,29,40,255
19-08-29,17:02:30,29,40,254
19-08-29,17:02:45,29,40,253
19-08-29,17:03:00,29,40,253
19-08-29,17:03:15,29,40,252
19-08-29,17:03:30,29,41,251
19-08-29,17:03:45,29,41,250
19-08-29,17:04:00,29,41,249
19-08-29,17:04:15,29,41,248
19-08-29,17:04:30,29,41,247
19-08-29,17:04:45,29,41,247
19-08-29,17:05:00,29,41,245
19-08-29,17:05:15,29,41,245
19-08-29,17:05:30,29,41,244
19-08-29,17:05:45,29,41,242
19-08-29,17:06:00,29,41,242
19-08-29,17:06:15,29,41,241
19-08-29,17:06:30,29,41,240
19-08-29,17:06:45,29,41,240
19-08-29,17:07:00,29,41,238
19-08-29,17:07:15,29,41,237
19-08-29,17:07:30,29,41,236
19-08-29,17:07:45,29,41,236
19-08-29,17:08:00,29,41,234
19-08-29,17:08:15,29,41,233
19-08-29,17:08:30,29,41,232
19-08-29,17:08:45,29,41,231
19-08-29,17:09:00,29,41,231
19-08-29,17:09:15,29,41,230
19-08-29,17:09:30,29,41,230
19-08-29,17:09:45,29,41,229
19-08-29,17:10:00,29,40,229
19-08-29,17:10:15,29,40,228
19-08-29,17:10:30,29,41,227
19-08-29,17:10:45,29,41,227
19-08-29,17:11:00,29,41,226
19-08-29,17:11:15,29,41,225
19-08-29,17:11:30,29,41,224
19-08-29,17:11:45,29,41,223
19-08-29,17:12:00,29,41,222
19-08-29,17:12:15,29,40,221
19-08-29,17:12:30,29,40,220
19-08-29,17:12:45,29,41,219
19-08-29,17:13:00,29,43,218
19-08-29,17:13:15,29,43,217
19-08-29,17:13:30,29,41,216
19-08-29,17:13:45,29,43,215
19-08-29,17:14:00,29,45,214
19-08-29,17:14:15,29,46,214
19-08-29,17:14:30,29,46,213
19-08-29,17:14:45,29,47,212
19-08-29,17:15:00,29,46,212
19-08-29,17:15:15,29,47,211
19-08-29,17:15:30,29,47,209
19-08-29,17:15:45,29,47,208
19-08-29,17:16:00,29,48,207
19-08-29,17:16:15,29,48,206
19-08-29,17:16:30,29,48,206
19-08-29,17:16:45,29,48,205
19-08-29,17:17:00,29,48,204
19-08-29,17:17:15,29,48,204
19-08-29,17:17:30,29,48,203
19-08-29,17:17:45,29,48,202
19-08-29,17:18:00,29,48,201
19-08-29,17:18:15,29,48,200
19-08-29,17:18:30,29,48,199
19-08-29,17:18:45,29,48,198
19-08-29,17:19:00,29,47,196
19-08-29,17:19:15,29,47,196
19-08-29,17:19:30,29,47,194
19-08-29,17:19:45,29,47,193
19-08-29,17:20:00,29,47,192
19-08-29,17:20:15,29,47,191
19-08-29,17:20:30,29,47,190
19-08-29,17:20:45,29,47,189
19-08-29,17:21:00,29,47,188
19-08-29,17:21:15,29,47,188
19-08-29,17:21:30,29,47,189
19-08-29,17:21:45,29,47,188
19-08-29,17:22:00,29,47,187
19-08-29,17:22:15,29,47,187
19-08-29,17:22:30,29,47,185
19-08-29,17:22:45,29,47,184
19-08-29,17:23:00,29,46,183
19-08-29,17:23:15,29,46,182
19-08-29,17:23:30,29,46,181
19-08-29,17:23:45,29,46,180
19-08-29,17:24:00,29,47,179
19-08-29,17:24:15,29,47,179
19-08-29,17:24:30,29,46,178
19-08-29,17:24:45,29,46,177
19-08-29,17:25:00,29,46,176
19-08-29,17:25:15,29,46,175
19-08-29,17:25:30,29,46,174
19-08-29,17:25:45,29,46,173
19-08-29,17:26:00,29,43,172
19-08-29,17:26:15,29,40,171
19-08-29,17:26:30,29,40,169
19-08-29,17:26:45,29,41,168
19-08-29,17:27:00,29,41,168
19-08-29,17:27:15,29,41,168
19-08-29,17:27:30,29,42,166
19-08-29,17:27:45,29,45,165
19-08-29,17:28:00,29,47,164
19-08-29,17:28:15,29,47,163
19-08-29,17:28:30,29,47,163
19-08-29,17:28:45,29,47,161
19-08-29,17:29:00,29,47,160
19-08-29,17:29:15,29,46,159
19-08-29,17:29:30,29,44,158
19-08-29,17:29:45,30,44,157
19-08-29,17:30:00,30,41,156
19-08-29,17:30:15,30,40,155
19-08-29,17:30:30,29,39,155
19-08-29,17:30:45,29,40,154
19-08-29,17:31:00,29,40,153
19-08-29,17:31:15,29,40,152
19-08-29,17:31:30,29,44,152
19-08-29,17:31:45,29,44,151
19-08-29,17:32:00,29,44,150
19-08-29,17:32:15,29,44,149
19-08-29,17:32:30,29,46,148
19-08-29,17:32:45,29,47,148
19-08-29,17:33:00,29,47,147
19-08-29,17:33:15,29,48,147
19-08-29,17:33:30,29,48,147
19-08-29,17:33:45,29,47,146
19-08-29,17:34:00,29,47,145
19-08-29,17:34:15,29,47,144
19-08-29,17:34:30,29,48,143
19-08-29,17:34:45,29,48,143
19-08-29,17:35:00,29,47,141
19-08-29,17:35:15,29,47,140
19-08-29,17:35:30,29,47,139
19-08-29,17:35:45,29,47,139
19-08-29,17:36:00,29,47,137
19-08-29,17:36:15,29,46,137
19-08-29,17:36:30,29,47,135
19-08-29,17:36:45,29,47,134
19-08-29,17:37:00,29,47,133
19-08-29,17:37:15,29,43,133
19-08-29,17:37:30,29,45,133
19-08-29,17:37:45,29,42,133
19-08-29,17:38:00,29,40,132
19-08-29,17:38:15,29,40,122
19-08-29,17:38:30,29,40,106
19-08-29,17:38:45,29,40,90
19-08-29,17:39:00,29,40,82
19-08-29,17:39:15,29,41,81
19-08-29,17:39:30,29,41,88
19-08-29,17:39:45,29,41,95
19-08-29,17:40:00,29,40,97
19-08-29,17:40:15,29,40,90
19-08-29,17:40:30,29,40,83
19-08-29,17:40:45,29,41,85
19-08-29,17:41:00,29,41,98
19-08-29,17:41:15,29,41,110
19-08-29,17:41:30,29,41,113
19-08-29,17:41:45,29,41,108
19-08-29,17:42:00,29,40,104
19-08-29,17:42:15,29,40,107
19-08-29,17:42:30,29,40,112
19-08-29,17:42:45,29,40,114
19-08-29,17:43:00,29,40,115
19-08-29,17:43:15,29,40,114
19-08-29,17:43:30,29,40,113
19-08-29,17:43:45,29,40,112
19-08-29,17:44:00,29,41,112
19-08-29,17:44:15,29,42,111
19-08-29,17:44:30,29,44,111
19-08-29,17:44:45,29,44,109
19-08-29,17:45:00,29,46,107
19-08-29,17:45:15,29,46,107
19-08-29,17:45:30,29,46,105
19-08-29,17:45:45,29,45,102
19-08-29,17:46:00,29,44,96
19-08-29,17:46:15,29,45,88
19-08-29,17:46:30,29,45,86
19-08-29,17:46:45,29,46,89
19-08-29,17:47:00,29,47,92
19-08-29,17:47:15,29,48,91
19-08-29,17:47:30,29,48,91
19-08-29,17:47:45,29,48,93
19-08-29,17:48:00,29,48,97
19-08-29,17:48:15,29,48,100
19-08-29,17:48:30,29,48,100
19-08-29,17:48:45,29,48,99
19-08-29,17:49:00,29,48,97
19-08-29,17:49:15,29,48,97
19-08-29,17:49:30,29,48,97
19-08-29,17:49:45,29,44,97
19-08-29,17:50:00,29,41,96
19-08-29,17:50:15,29,42,96
19-08-29,17:50:30,29,40,96
19-08-29,17:50:45,29,41,95
19-08-29,17:51:00,29,43,95
19-08-29,17:51:15,29,45,94
19-08-29,17:51:30,29,45,94
19-08-29,17:51:45,29,47,93
19-08-29,17:52:00,29,46,92
19-08-29,17:52:15,29,45,91
19-08-29,17:52:30,29,45,91
19-08-29,17:52:45,29,44,91
19-08-29,17:53:00,28,44,90
19-08-29,17:53:15,29,44,89
19-08-29,17:53:30,29,43,89
19-08-29,17:53:45,29,43,88
19-08-29,17:54:00,29,41,87
19-08-29,17:54:15,29,40,86
19-08-29,17:54:30,29,40,86
19-08-29,17:54:45,29,40,85
19-08-29,17:55:00,29,40,85
19-08-29,17:55:15,29,41,84
19-08-29,17:55:30,29,40,83
19-08-29,17:55:45,29,40,81
19-08-29,17:56:00,29,40,81
19-08-29,17:56:15,28,40,80
19-08-29,17:56:30,28,40,77
19-08-29,17:56:45,28,40,71
19-08-29,17:57:00,28,40,63
19-08-29,17:57:15,28,40,54
19-08-29,17:57:30,28,40,49
19-08-29,17:57:45,28,40,50
19-08-29,17:58:00,28,40,49
19-08-29,17:58:15,28,40,47
19-08-29,17:58:30,28,41,47
19-08-29,17:58:45,28,41,47
19-08-29,17:59:00,28,41,46
19-08-29,17:59:15,28,41,46
19-08-29,17:59:30,28,41,46
19-08-29,17:59:45,28,41,45
19-08-29,18:00:00,28,41,45
19-08-29,18:00:15,28,41,44
19-08-29,18:00:30,28,41,44
19-08-29,18:00:45,28,41,44
19-08-29,18:01:00,28,41,44
19-08-29,18:01:15,28,41,43
19-08-29,18:01:30,28,42,43
19-08-29,18:01:45,27,42,43
19-08-29,18:02:00,27,42,43
19-08-29,18:02:15,27,42,42
19-08-29,18:02:30,27,42,42
19-08-29,18:02:45,27,42,41
19-08-29,18:03:00,27,42,41
19-08-29,18:03:15,27,42,40
19-08-29,18:03:30,27,42,40
19-08-29,18:03:45,27,42,40
19-08-29,18:04:00,27,42,39
19-08-29,18:04:15,27,42,38
19-08-29,18:04:30,27,42,38
19-08-29,18:04:45,27,42,37
19-08-29,18:05:00,27,42,37
19-08-29,18:05:15,27,42,36
19-08-29,18:05:30,27,42,36
19-08-29,18:05:45,27,42,35
19-08-29,18:06:00,27,42,35
19-08-29,18:06:15,27,42,34
19-08-29,18:06:30,27,42,34
19-08-29,18:06:45,27,42,33
19-08-29,18:07:00,27,41,33
19-08-29,18:07:15,27,41,32
19-08-29,18:07:30,27,41,32
19-08-29,18:07:45,27,42,31
19-08-29,18:08:00,27,42,31
19-08-29,18:08:15,27,42,30
19-08-29,18:08:30,27,42,30
19-08-29,18:08:45,27,42,29
19-08-29,18:09:00,27,42,29
19-08-29,18:09:15,27,42,29
19-08-29,18:09:30,27,42,28
19-08-29,18:09:45,27,42,28
19-08-29,18:10:00,27,42,27
19-08-29,18:10:15,27,42,27
19-08-29,18:10:30,27,42,27
19-08-29,18:10:45,27,43,26
19-08-29,18:11:00,27,43,26
19-08-29,18:11:15,27,43,25
19-08-29,18:11:30,27,42,25
19-08-29,18:11:45,27,43,24
19-08-29,18:12:00,27,43,24
19-08-29,18:12:15,27,43,24
19-08-29,18:12:30,27,43,23
19-08-29,18:12:45,27,43,23
19-08-29,18:13:00,27,43,23
19-08-29,18:13:15,27,43,22
19-08-29,18:13:30,27,43,22
19-08-29,18:13:45,27,43,22
19-08-29,18:14:00,27,43,21
19-08-29,18:14:15,27,43,21
19-08-29,18:14:30,27,43,21
19-08-29,18:14:45,27,43,20
19-08-29,18:15:00,27,43,20
19-08-29,18:15:15,27,43,20
19-08-29,18:15:30,27,43,20
19-08-29,18:15:45,27,43,19
19-08-29,18:16:00,27,43,19
19-08-29,18:16:15,27,43,19
19-08-29,18:16:30,27,43,19
19-08-29,18:16:45,27,44,18
19-08-29,18:17:00,27,44,18
19-08-29,18:17:15,27,44,18
19-08-29,18:17:30,27,44,17
19-08-29,18:17:45,27,44,17
19-08-29,18:18:00,27,44,17
19-08-29,18:18:15,27,44,17
19-08-29,18:18:30,27,44,17
19-08-29,18:18:45,27,44,16
19-08-29,18:19:00,27,44,16
19-08-29,18:19:15,27,44,16
19-08-29,18:19:30,27,44,16
19-08-29,18:19:45,27,44,16
19-08-29,18:20:00,27,44,15
19-08-29,18:20:15,27,45,15
19-08-29,18:20:30,27,45,15
19-08-29,18:20:45,27,45,15
19-08-29,18:21:00,27,45,15
19-08-29,18:21:15,27,45,14
19-08-29,18:21:30,27,45,14
19-08-29,18:21:45,27,45,14
19-08-29,18:22:00,27,45,14
19-08-29,18:22:15,27,45,14
19-08-29,18:22:30,27,45,14
19-08-29,18:22:45,27,45,13
19-08-29,18:23:00,27,45,13
19-08-29,18:23:15,27,45,13
19-08-29,18:23:30,27,45,13
19-08-29,18:23:45,27,45,13
19-08-29,18:24:00,27,45,12
19-08-29,18:24:15,27,45,12
19-08-29,18:24:30,27,45,12
19-08-29,18:24:45,27,45,12
19-08-29,18:25:00,27,45,12
19-08-29,18:25:15,26,45,12
19-08-29,18:25:30,26,45,11
19-08-29,18:25:45,26,45,11
19-08-29,18:26:00,26,45,11
19-08-29,18:26:15,26,45,11
19-08-29,18:26:30,26,44,11
19-08-29,18:26:45,26,44,11
19-08-29,18:27:00,26,45,11
19-08-29,18:27:15,26,45,10
19-08-29,18:27:30,26,44,10
19-08-29,18:27:45,26,44,10
19-08-29,18:28:00,26,44,10
19-08-29,18:28:15,26,44,10
19-08-29,18:28:30,26,44,10
19-08-29,18:28:45,26,44,10
19-08-29,18:29:00,26,44,9
19-08-29,18:29:15,26,44,9
19-08-29,18:29:30,26,44,9
19-08-29,18:29:45,26,44,9
19-08-29,18:30:00,26,43,9
19-08-29,18:30:15,26,43,9
19-08-29,18:30:30,26,43,9
19-08-29,18:30:45,26,43,8
19-08-29,18:31:00,26,43,8
19-08-29,18:31:15,26,43,8
19-08-29,18:31:30,26,43,8
19-08-29,18:31:45,26,43,8
19-08-29,18:32:00,26,43,8
19-08-29,18:32:15,26,43,8
19-08-29,18:32:30,26,43,7
19-08-29,18:32:45,26,43,7
19-08-29,18:33:00,26,43,7
19-08-29,18:33:15,26,42,7
19-08-29,18:33:30,26,42,7
19-08-29,18:33:45,26,42,7
19-08-29,18:34:00,26,42,7
19-08-29,18:34:15,26,42,7
19-08-29,18:34:30,26,42,7
19-08-29,18:34:45,26,42,7
19-08-29,18:35:00,26,41,6
19-08-29,18:35:15,26,41,6
19-08-29,18:35:30,26,41,6
19-08-29,18:35:45,26,42,6
19-08-29,18:36:00,26,42,6
19-08-29,18:36:15,26,42,6
19-08-29,18:36:30,26,42,6
19-08-29,18:36:45,26,42,6
19-08-29,18:37:00,26,42,6
19-08-29,18:37:15,26,42,5
19-08-29,18:37:30,26,42,5
19-08-29,18:37:45,26,42,5
19-08-29,18:38:00,26,42,5
19-08-29,18:38:15,26,42,5
19-08-29,18:38:30,26,42,5
19-08-29,18:38:45,26,42,5
19-08-29,18:39:00,26,42,5
19-08-29,18:39:15,26,42,5
19-08-29,18:39:30,26,41,5
19-08-29,18:39:45,26,41,4
19-08-29,18:40:00,26,42,4
19-08-29,18:40:15,26,42,4
19-08-29,18:40:30,26,42,4
19-08-29,18:40:45,26,42,4
19-08-29,18:41:00,26,42,4
19-08-29,18:41:15,26,42,4
19-08-29,18:41:30,26,42,4
19-08-29,18:41:45,26,42,4
19-08-29,18:42:00,26,42,4
19-08-29,18:42:15,26,42,4
19-08-29,18:42:30,26,42,3
19-08-29,18:42:45,26,42,3
19-08-29,18:43:00,26,42,3
19-08-29,18:43:15,26,42,3
19-08-29,18:43:30,26,42,3
19-08-29,18:43:45,26,42,3
19-08-29,18:44:00,26,42,3
19-08-29,18:44:15,26,42,3
19-08-29,18:44:30,26,42,3
19-08-29,18:44:45,26,42,3
19-08-29,18:45:00,26,42,3
19-08-29,18:45:15,26,42,3
19-08-29,18:45:30,26,42,3
19-08-29,18:45:45,26,42,3
19-08-29,18:46:00,26,42,2
19-08-29,18:46:15,26,42,2
19-08-29,18:46:30,26,42,2
19-08-29,18:46:45,26,42,2
19-08-29,18:47:00,26,42,2
19-08-29,18:47:15,26,42,2
19-08-29,18:47:30,26,42,2
19-08-29,18:47:45,26,42,2
19-08-29,18:48:00,26,42,2
19-08-29,18:48:15,26,42,2
19-08-29,18:48:30,26,42,2
19-08-29,18:48:45,26,42,2
19-08-29,18:49:00,26,42,2
19-08-29,18:49:15,26,42,2
19-08-29,18:49:30,26,42,2
19-08-29,18:49:45,26,42,1
19-08-29,18:50:00,26,42,2
19-08-29,18:50:15,26,42,1
19-08-29,18:50:30,26,42,1
19-08-29,18:50:45,26,42,1
19-08-29,18:51:00,26,42,1
19-08-29,18:51:15,26,42,1
19-08-29,18:51:30,26,42,1
19-08-29,18:51:45,26,42,1
19-08-29,18:52:00,26,42,1
19-08-29,18:52:15,26,42,1
19-08-29,18:52:30,26,42,1
19-08-29,18:52:45,26,42,1
19-08-29,18:53:00,26,42,1
19-08-29,18:53:15,26,42,1
19-08-29,18:53:30,26,42,1
19-08-29,18:53:45,26,42,1
19-08-29,18:54:00,26,42,1
19-08-29,18:54:15,26,42,1
19-08-29,18:54:30,26,42,1
19-08-29,18:54:45,26,42,1
19-08-29,18:55:00,26,42,1
19-08-29,18:55:15,26,42,1
19-08-29,18:55:30,26,42,1
19-08-29,18:55:45,26,42,1
19-08-29,18:56:00,26,42,1
19-08-29,18:56:15,26,42,1
19-08-29,18:56:30,26,42,1
19-08-29,18:56:45,26,42,1
19-08-29,18:57:00,26,42,1
19-08-29,18:57:15,26,42,1
19-08-29,18:57:30,26,42,1
19-08-29,18:57:45,26,42,0
19-08-29,18:58:00,26,42,1
19-08-29,18:58:15,26,42,1
19-08-29,18:58:30,26,42,1
19-08-29,18:58:45,26,41,1
19-08-29,18:59:00,26,41,0
19-08-29,18:59:15,26,41,0
19-08-29,18:59:30,26,41,0
19-08-29,18:59:45,26,41,1
19-08-29,19:00:00,26,41,0
19-08-29,19:00:15,26,41,0
19-08-29,19:00:30,26,41,1
19-08-29,19:00:45,26,41,1
19-08-29,19:01:00,26,41,0
19-08-29,19:01:15,26,41,0
19-08-29,19:01:30,26,41,0
19-08-29,19:01:45,26,41,1
19-08-29,19:02:00,26,41,0
19-08-29,19:02:15,26,41,0
19-08-29,19:02:30,26,41,0
19-08-29,19:02:45,26,41,0
19-08-29,19:03:00,26,41,0
19-08-29,19:03:15,26,41,1
19-08-29,19:03:30,26,41,0
19-08-29,19:03:45,26,42,0
19-08-29,19:04:00,26,42,0
19-08-29,19:04:15,26,42,0
19-08-29,19:04:30,26,42,0
19-08-29,19:04:45,26,42,0
19-08-29,19:05:00,26,42,0
19-08-29,19:05:15,26,42,0
19-08-29,19:05:30,26,41,0
19-08-29,19:05:45,26,41,0
19-08-29,19:06:00,26,41,0
19-08-29,19:06:15,26,41,0
19-08-29,19:06:30,26,41,0
19-08-29,19:06:45,26,41,0
19-08-29,19:07:00,26,41,0
19-08-29,19:07:15,26,41,0
19-08-29,19:07:30,26,42,0
19-08-29,19:07:45,26,42,0
19-08-29,19:08:00,26,42,0
19-08-29,19:08:15,26,42,0
19-08-29,19:08:30,26,42,0
19-08-29,19:08:45,26,42,0
19-08-29,19:09:00,26,42,0
19-08-29,19:09:15,26,41,0
19-08-29,19:09:30,26,41,0
19-08-29,19:09:45,26,41,0
19-08-29,19:10:00,26,41,0
19-08-29,19:10:15,26,41,0
19-08-29,19:10:30,26,41,0
19-08-29,19:10:45,26,41,0
19-08-29,19:11:00,26,41,0
19-08-29,19:11:15,26,41,0
19-08-29,19:11:30,26,41,0
19-08-29,19:11:45,26,41,0
19-08-29,19:12:00,26,41,0
19-08-29,19:12:15,26,41,0
19-08-29,19:12:30,26,41,0
19-08-29,19:12:45,26,41,0
19-08-29,19:13:00,26,41,0
19-08-29,19:13:15,26,41,0
19-08-29,19:13:30,26,41,0
19-08-29,19:13:45,26,41,0
19-08-29,19:14:00,26,41,0
19-08-29,19:14:15,26,41,0
19-08-29,19:14:30,26,41,0
19-08-29,19:14:45,26,41,0
19-08-29,19:15:00,26,41,0
19-08-29,19:15:15,26,41,0
19-08-29,19:15:30,26,41,0
19-08-29,19:15:45,26,41,0
19-08-29,19:16:00,26,41,0
19-08-29,19:16:15,26,41,0
19-08-29,19:16:30,26,41,0
19-08-29,19:16:45,26,41,0
19-08-29,19:17:00,26,41,0
19-08-29,19:17:15,26,41,0
19-08-29,19:17:30,26,41,0
19-08-29,19:17:45,26,41,0
19-08-29,19:18:00,26,41,0
19-08-29,19:18:15,26,41,0
19-08-29,19:18:30,26,41,0
19-08-29,19:18:45,26,41,0
19-08-29,19:19:00,26,41,0
19-08-29,19:19:15,26,42,0
19-08-29,19:19:30,26,41,0
19-08-29,19:19:45,26,42,0
19-08-29,19:20:00,26,42,0
19-08-29,19:20:15,26,42,0
19-08-29,19:20:30,26,42,0
19-08-29,19:20:45,26,42,0
19-08-29,19:21:00,26,42,0
19-08-29,19:21:15,26,42,0
19-08-29,19:21:30,26,42,0
19-08-29,19:21:45,26,42,0
19-08-29,19:22:00,26,42,0
19-08-29,19:22:15,26,42,0
19-08-29,19:22:30,26,42,0
19-08-29,19:22:45,26,42,0
19-08-29,19:23:00,26,42,0
19-08-29,19:23:15,26,42,0
19-08-29,19:23:30,26,42,0
19-08-29,19:23:45,26,42,0
19-08-29,19:24:00,26,42,0
19-08-29,19:24:15,26,42,0
19-08-29,19:24:30,26,42,0
19-08-29,19:24:45,26,42,0
19-08-29,19:25:00,26,42,0
19-08-29,19:25:15,26,42,0
19-08-29,19:25:30,26,42,0
19-08-29,19:25:45,26,42,0
19-08-29,19:26:00,26,42,0
19-08-29,19:26:15,26,42,0
19-08-29,19:26:30,26,42,0
19-08-29,19:26:45,26,42,0
19-08-29,19:27:00,26,42,0
19-08-29,19:27:15,26,42,0
19-08-29,19:27:30,26,42,0
19-08-29,19:27:45,26,42,0
19-08-29,19:28:00,26,42,0
19-08-29,19:28:15,26,42,0
19-08-29,19:28:30,26,42,0
19-08-29,19:28:45,26,42,0
19-08-29,19:29:00,26,42,0
19-08-29,19:29:15,26,43,0
19-08-29,19:29:30,26,43,0
19-08-29,19:29:45,26,43,0
19-08-29,19:30:00,26,43,0
19-08-29,19:30:15,26,43,0
19-08-29,19:30:30,26,43,0
19-08-29,19:30:45,26,43,0
19-08-29,19:31:00,26,43,0
19-08-29,19:31:15,26,43,0
19-08-29,19:31:30,26,43,0
19-08-29,19:31:45,26,44,0
19-08-29,19:32:00,26,44,0
19-08-29,19:32:15,26,44,0
19-08-29,19:32:30,26,44,0
19-08-29,19:32:45,26,44,0
19-08-29,19:33:00,26,44,0
19-08-29,19:33:15,26,44,0
19-08-29,19:33:30,26,44,0
19-08-29,19:33:45,26,44,0
19-08-29,19:34:00,26,44,0
19-08-29,19:34:15,26,44,0
19-08-29,19:34:30,26,44,0
19-08-29,19:34:45,26,44,0
19-08-29,19:35:00,26,45,0
19-08-29,19:35:15,26,45,0
19-08-29,19:35:30,26,45,0
19-08-29,19:35:45,26,45,0
19-08-29,19:36:00,26,45,0
19-08-29,19:36:15,26,45,0
19-08-29,19:36:30,26,45,0
19-08-29,19:36:45,26,45,0
19-08-29,19:37:00,26,45,0
19-08-29,19:37:15,26,45,0
19-08-29,19:37:30,26,46,0
19-08-29,19:37:45,26,46,0
19-08-29,19:38:00,26,46,0
19-08-29,19:38:15,26,46,0
19-08-29,19:38:30,26,46,0
19-08-29,19:38:45,26,46,0
19-08-29,19:39:00,26,46,0
19-08-29,19:39:15,26,46,1
19-08-29,19:39:30,25,46,0
19-08-29,19:39:45,25,46,0
19-08-29,19:40:00,25,46,0
19-08-29,19:40:15,25,46,0
19-08-29,19:40:30,25,46,0
19-08-29,19:40:45,25,47,0
19-08-29,19:41:00,25,47,0
19-08-29,19:41:15,25,47,0
19-08-29,19:41:30,25,47,0
19-08-29,19:41:45,25,47,1
19-08-29,19:42:00,25,47,0
19-08-29,19:42:15,25,47,0
19-08-29,19:42:30,25,47,1
19-08-29,19:42:45,25,47,1
19-08-29,19:43:00,25,47,1
19-08-29,19:43:15,25,47,1
19-08-29,19:43:30,25,47,0
19-08-29,19:43:45,25,47,0
19-08-29,19:44:00,25,47,1
19-08-29,19:44:15,25,47,1
19-08-29,19:44:30,25,47,1
19-08-29,19:44:45,25,48,1
19-08-29,19:45:00,25,48,1
19-08-29,19:45:15,25,48,1
19-08-29,19:45:30,25,48,1
19-08-29,19:45:45,25,48,1
19-08-29,19:46:00,25,49,1
19-08-29,19:46:15,25,49,1
19-08-29,19:46:30,25,49,1
19-08-29,19:46:45,25,49,1
19-08-29,19:47:00,25,49,1
19-08-29,19:47:15,25,50,1
19-08-29,19:47:30,25,50,1
19-08-29,19:47:45,25,50,1
19-08-29,19:48:00,25,50,1
19-08-29,19:48:15,25,50,1
19-08-29,19:48:30,25,50,1
19-08-29,19:48:45,25,50,1
19-08-29,19:49:00,25,50,1
19-08-29,19:49:15,25,51,1
19-08-29,19:49:30,25,51,1
19-08-29,19:49:45,25,51,1
19-08-29,19:50:00,25,51,1
19-08-29,19:50:15,25,51,1
19-08-29,19:50:30,25,51,1
19-08-29,19:50:45,25,51,1
19-08-29,19:51:00,25,51,1
19-08-29,19:51:15,25,51,1
19-08-29,19:51:30,25,51,1
19-08-29,19:51:45,25,51,1
19-08-29,19:52:00,25,51,1
19-08-29,19:52:15,25,51,1
19-08-29,19:52:30,25,52,1
19-08-29,19:53:00,25,52,1
19-08-29,19:53:15,25,52,1
19-08-29,19:53:30,25,52,1
19-08-29,19:53:45,25,52,1
19-08-29,19:54:00,25,52,1
19-08-29,19:54:15,25,52,1
19-08-29,19:54:30,25,52,1
19-08-29,19:54:45,25,52,1
19-08-29,19:55:00,25,52,1
19-08-29,19:55:15,25,52,1
19-08-29,19:55:30,25,52,1
19-08-29,19:55:45,25,52,1
19-08-29,19:56:00,25,52,1
19-08-29,19:56:15,25,52,1
19-08-29,19:56:30,25,52,1
19-08-29,19:56:45,25,52,1
19-08-29,19:57:00,25,52,1
19-08-29,19:57:15,25,52,1
19-08-29,19:57:30,25,52,1
19-08-29,19:57:45,25,52,1
19-08-29,19:58:00,25,52,1
19-08-29,19:58:15,25,52,0
19-08-29,19:58:30,25,52,0
19-08-29,19:58:45,25,52,1
19-08-29,19:59:00,25,52,1
19-08-29,19:59:15,25,52,1
19-08-29,19:59:30,25,52,1
19-08-29,19:59:45,25,52,1
19-08-29,20:00:00,25,52,1
19-08-29,20:00:15,25,52,1
19-08-29,20:00:30,25,52,1
19-08-29,20:00:45,25,52,1
19-08-29,20:01:00,24,52,1
19-08-29,20:01:15,24,52,1
19-08-29,20:01:30,24,52,1
19-08-29,20:01:45,24,52,1
19-08-29,20:02:00,24,52,1
19-08-29,20:02:15,24,52,1
19-08-29,20:02:30,24,52,1
19-08-29,20:02:45,24,52,1
19-08-29,20:03:00,24,52,1
19-08-29,20:03:15,24,52,1
19-08-29,20:03:30,24,52,1
19-08-29,20:03:45,24,52,1
19-08-29,20:04:00,24,52,1
19-08-29,20:04:15,24,52,1
19-08-29,20:04:30,24,52,1
19-08-29,20:04:45,24,52,1
19-08-29,20:05:00,24,52,1
19-08-29,20:05:15,24,52,1
19-08-29,20:05:30,24,52,1
19-08-29,20:05:45,24,52,1
19-08-29,20:06:00,24,52,1
19-08-29,20:06:15,24,52,1
19-08-29,20:06:30,24,52,1
19-08-29,20:06:45,24,52,1
19-08-29,20:07:00,24,52,1
19-08-29,20:07:15,24,52,1
19-08-29,20:07:30,24,52,1
19-08-29,20:07:45,24,52,1
19-08-29,20:08:00,24,52,1
19-08-29,20:08:15,24,52,1
19-08-29,20:08:30,24,52,0
19-08-29,20:08:45,24,52,1
19-08-29,20:09:00,24,52,1
19-08-29,20:09:15,24,52,1
19-08-29,20:09:30,24,52,1
19-08-29,20:09:45,24,52,1
19-08-29,20:10:00,24,53,0
19-08-29,20:10:15,24,53,1
19-08-29,20:10:30,24,53,1
19-08-29,20:10:45,24,53,1
19-08-29,20:11:00,24,53,1
19-08-29,20:11:15,24,53,0
19-08-29,20:11:30,24,53,0
19-08-29,20:11:45,24,53,0
19-08-29,20:12:00,24,53,1
19-08-29,20:12:15,24,53,1
19-08-29,20:12:30,24,53,0
19-08-29,20:12:45,24,53,1
19-08-29,20:13:00,24,53,0
19-08-29,20:13:15,24,53,0
19-08-29,20:13:30,24,53,1
19-08-29,20:13:45,24,53,1
19-08-29,20:14:00,24,53,0
19-08-29,20:14:15,24,53,0
19-08-29,20:14:30,24,53,0
19-08-29,20:14:45,24,53,1
19-08-29,20:15:00,24,53,0
19-08-29,20:15:15,24,53,0
19-08-29,20:15:30,24,53,1
19-08-29,20:15:45,24,53,0
19-08-29,20:16:00,24,53,0
19-08-29,20:16:15,24,53,0
19-08-29,20:16:30,24,53,0
19-08-29,20:16:45,24,53,1
19-08-29,20:17:00,24,53,0
19-08-29,20:17:15,24,53,0
19-08-29,20:17:30,24,53,1
19-08-29,20:17:45,24,53,0
19-08-29,20:18:00,24,53,1
19-08-29,20:18:15,24,53,1
19-08-29,20:18:30,24,53,1
19-08-29,20:18:45,24,53,1
19-08-29,20:19:00,24,53,1
19-08-29,20:19:15,24,53,1
19-08-29,20:19:30,24,53,0
19-08-29,20:19:45,24,53,0
19-08-29,20:20:00,24,53,1
19-08-29,20:20:15,24,53,1
19-08-29,20:20:30,24,53,0
19-08-29,20:20:45,24,53,0
19-08-29,20:21:00,24,53,1
19-08-29,20:21:15,24,53,1
19-08-29,20:21:30,24,53,1
19-08-29,20:21:45,24,53,1
19-08-29,20:22:00,24,53,1
19-08-29,20:22:15,24,53,1
19-08-29,20:22:30,24,53,0
19-08-29,20:22:45,24,53,1
19-08-29,20:23:00,24,53,0
19-08-29,20:23:15,24,53,1
19-08-29,20:23:30,24,53,1
19-08-29,20:23:45,24,53,1
19-08-29,20:24:00,24,53,1
19-08-29,20:24:15,24,53,0
19-08-29,20:24:30,24,53,0
19-08-29,20:24:45,24,53,1
19-08-29,20:25:00,24,53,1
19-08-29,20:25:15,24,53,1
19-08-29,20:25:30,24,53,1
19-08-29,20:25:45,24,53,0
19-08-29,20:26:00,24,53,1
19-08-29,20:26:15,24,53,0
19-08-29,20:26:30,24,53,0
19-08-29,20:26:45,24,53,0
19-08-29,20:27:00,24,53,0
19-08-29,20:27:15,24,53,0
19-08-29,20:27:30,24,53,0
19-08-29,20:27:45,24,53,0
19-08-29,20:28:00,24,53,0
19-08-29,20:28:15,24,53,0
19-08-29,20:28:30,24,53,0
19-08-29,20:28:45,24,53,0
19-08-29,20:29:00,24,53,0
19-08-29,20:29:15,24,53,0
19-08-29,20:29:30,24,53,0
19-08-29,20:29:45,24,53,0
19-08-29,20:30:00,24,53,0
19-08-29,20:30:15,24,53,0
19-08-29,20:30:30,24,53,0
19-08-29,20:30:45,24,53,0
19-08-29,20:31:00,24,53,0
19-08-29,20:31:15,24,53,0
19-08-29,20:31:30,24,53,0
19-08-29,20:31:45,24,53,0
19-08-29,20:32:00,24,53,0
19-08-29,20:32:15,24,53,0
19-08-29,20:32:30,24,53,0
19-08-29,20:32:45,24,53,0
19-08-29,20:33:00,24,53,0
19-08-29,20:33:15,24,53,0
19-08-29,20:33:30,24,53,0
19-08-29,20:33:45,24,53,0
19-08-29,20:34:00,24,53,0
19-08-29,20:34:15,24,53,0
19-08-29,20:34:30,24,53,0
19-08-29,20:34:45,24,53,0
19-08-29,20:35:00,24,53,0
19-08-29,20:35:15,24,53,0
19-08-29,20:35:30,24,53,0
19-08-29,20:35:45,24,53,0
19-08-29,20:36:00,24,53,0
19-08-29,20:36:15,24,53,0
19-08-29,20:36:30,24,53,0
19-08-29,20:36:45,24,53,0
19-08-29,20:37:00,24,53,0
19-08-29,20:37:15,24,53,0
19-08-29,20:37:30,24,53,0
19-08-29,20:37:45,24,53,0
19-08-29,20:38:00,24,53,0
19-08-29,20:38:15,24,53,0
19-08-29,20:38:30,24,53,0
19-08-29,20:38:45,24,53,0
19-08-29,20:39:00,24,53,0
19-08-29,20:39:15,24,53,0
19-08-29,20:39:30,24,53,0
19-08-29,20:39:45,24,53,0
19-08-29,20:40:00,24,53,0
19-08-29,20:40:15,24,53,0
19-08-29,20:40:30,24,53,0
19-08-29,20:40:45,24,53,0
19-08-29,20:41:00,24,53,0
19-08-29,20:41:15,24,53,0
19-08-29,20:41:30,24,53,0
19-08-29,20:41:45,24,53,0
19-08-29,20:42:00,24,53,0
19-08-29,20:42:15,24,53,0
19-08-29,20:42:30,24,53,0
19-08-29,20:42:45,24,53,0
19-08-29,20:43:00,24,53,0
19-08-29,20:43:15,24,53,0
19-08-29,20:43:30,24,53,0
19-08-29,20:43:45,24,53,0
19-08-29,20:44:00,24,53,0
19-08-29,20:44:15,24,53,0
19-08-29,20:44:30,24,53,0
19-08-29,20:44:45,24,53,0
19-08-29,20:45:00,24,53,0
19-08-29,20:45:15,24,53,0
19-08-29,20:45:30,24,53,0
19-08-29,20:45:45,24,53,0
19-08-29,20:46:00,24,53,0
19-08-29,20:46:15,24,53,0
19-08-29,20:46:30,24,53,0
19-08-29,20:46:45,24,53,0
19-08-29,20:47:00,24,53,0
19-08-29,20:47:15,24,53,0
19-08-29,20:47:30,24,53,0
19-08-29,20:47:45,24,53,0
19-08-29,20:48:00,24,53,0
19-08-29,20:48:15,24,53,0
19-08-29,20:48:30,24,53,0
19-08-29,20:48:45,24,53,0
19-08-29,20:49:00,24,54,0
19-08-29,20:49:15,24,54,0
19-08-29,20:49:30,24,54,0
19-08-29,20:49:45,24,54,0
19-08-29,20:50:00,24,54,0
19-08-29,20:50:15,24,54,0
19-08-29,20:50:30,24,54,0
19-08-29,20:50:45,24,54,0
19-08-29,20:51:00,24,53,0
19-08-29,20:51:15,24,54,0
19-08-29,20:51:30,24,54,0
19-08-29,20:51:45,24,54,0
19-08-29,20:52:00,24,54,0
19-08-29,20:52:15,24,54,0
19-08-29,20:52:30,24,54,0
19-08-29,20:52:45,24,54,0
19-08-29,20:53:00,24,53,0
19-08-29,20:53:15,24,53,0
19-08-29,20:53:30,24,54,0
19-08-29,20:53:45,24,54,0
19-08-29,20:54:00,24,54,0
19-08-29,20:54:15,24,54,0
19-08-29,20:54:30,24,54,0
19-08-29,20:54:45,24,54,0
19-08-29,20:55:00,24,54,0
19-08-29,20:55:15,24,54,0
19-08-29,20:55:30,24,54,0
19-08-29,20:55:45,24,54,0
19-08-29,20:56:00,24,54,0
19-08-29,20:56:15,24,54,0
19-08-29,20:56:30,24,54,0
19-08-29,20:56:45,24,53,0
19-08-29,20:57:00,24,53,0
19-08-29,20:57:15,24,53,0
19-08-29,20:57:30,24,54,0
19-08-29,20:57:45,24,54,0
19-08-29,20:58:00,24,54,0
19-08-29,20:58:15,24,54,0
19-08-29,20:58:30,24,54,0
19-08-29,20:58:45,24,54,0
19-08-29,20:59:00,24,54,0
19-08-29,20:59:15,24,53,0
19-08-29,20:59:30,24,53,0
19-08-29,20:59:45,24,54,0
19-08-29,21:00:00,24,54,0
19-08-29,21:00:15,24,53,0
19-08-29,21:00:30,24,54,0
19-08-29,21:00:45,24,54,0
19-08-29,21:01:00,24,54,0
19-08-29,21:01:15,24,54,0
19-08-29,21:01:30,24,54,0
19-08-29,21:01:45,24,54,0
19-08-29,21:02:00,24,54,0
19-08-29,21:02:15,24,54,0
19-08-29,21:02:30,24,53,0
19-08-29,21:02:45,24,54,0
19-08-29,21:03:00,24,54,0
19-08-29,21:03:15,24,54,0
19-08-29,21:03:30,24,54,0
19-08-29,21:03:45,24,53,0
19-08-29,21:04:00,24,53,0
19-08-29,21:04:15,24,54,0
19-08-29,21:04:30,24,54,0
19-08-29,21:04:45,24,53,0
19-08-29,21:05:00,24,53,0
19-08-29,21:05:15,24,53,0
19-08-29,21:05:30,24,53,0
19-08-29,21:05:45,24,53,0
19-08-29,21:06:00,24,53,0
19-08-29,21:06:15,24,53,0
19-08-29,21:06:30,24,54,0
19-08-29,21:06:45,24,54,0
19-08-29,21:07:00,24,53,0
19-08-29,21:07:15,24,54,0
19-08-29,21:07:30,24,53,0
19-08-29,21:07:45,24,53,0
19-08-29,21:08:00,24,54,0
19-08-29,21:08:15,24,54,0
19-08-29,21:08:30,24,54,0
19-08-29,21:08:45,24,54,0
19-08-29,21:09:00,24,54,0
19-08-29,21:09:15,24,53,0
19-08-29,21:09:30,24,53,0
19-08-29,21:09:45,24,53,0
19-08-29,21:10:00,24,53,0
19-08-29,21:10:15,24,53,0
19-08-29,21:10:30,24,53,0
19-08-29,21:10:45,24,54,0
19-08-29,21:11:00,24,53,0
19-08-29,21:11:15,24,53,0
19-08-29,21:11:30,24,53,0
19-08-29,21:11:45,24,53,0
19-08-29,21:12:00,24,53,0
19-08-29,21:12:15,24,54,0
19-08-29,21:12:30,24,56,0
19-08-29,21:12:45,24,58,0
19-08-29,21:13:00,24,60,0
19-08-29,21:13:15,24,60,0
19-08-29,21:13:30,24,61,0
19-08-29,21:13:45,24,60,0
19-08-29,21:14:00,24,60,0
19-08-29,21:14:15,24,62,0
19-08-29,21:14:30,24,62,0
19-08-29,21:14:45,24,62,0
19-08-29,21:15:00,24,62,0
19-08-29,21:15:15,24,61,0
19-08-29,21:15:30,24,61,0
19-08-29,21:15:45,24,62,0
19-08-29,21:16:00,24,62,0
19-08-29,21:16:15,24,63,0
19-08-29,21:16:30,24,63,0
19-08-29,21:16:45,24,63,0
19-08-29,21:17:00,24,63,0
19-08-29,21:17:15,24,63,0
19-08-29,21:17:30,24,63,0
19-08-29,21:17:45,24,64,0
19-08-29,21:18:00,24,65,0
19-08-29,21:18:15,24,66,0
19-08-29,21:18:30,24,65,0
19-08-29,21:18:45,24,66,0
19-08-29,21:19:00,24,66,0
19-08-29,21:19:15,24,66,0
19-08-29,21:19:30,24,67,0
19-08-29,21:19:45,24,67,0
19-08-29,21:20:00,24,67,0
19-08-29,21:20:15,24,67,0
19-08-29,21:20:30,24,68,0
19-08-29,21:20:45,24,69,0
19-08-29,21:21:00,24,69,0
19-08-29,21:21:15,24,69,0
19-08-29,21:21:30,24,69,0
19-08-29,21:21:45,24,70,0
19-08-29,21:22:00,24,70,0
19-08-29,21:22:15,24,69,0
19-08-29,21:22:30,24,69,0
19-08-29,21:22:45,24,69,0
19-08-29,21:23:00,24,69,0
19-08-29,21:23:15,24,69,0
19-08-29,21:23:30,24,69,0
19-08-29,21:23:45,24,70,0
19-08-29,21:24:00,24,70,0
19-08-29,21:24:15,24,70,0
19-08-29,21:24:30,24,70,0
19-08-29,21:24:45,24,70,0
19-08-29,21:25:00,24,70,0
19-08-29,21:25:15,24,70,0
19-08-29,21:25:30,24,70,0
19-08-29,21:25:45,24,70,0
19-08-29,21:26:00,24,70,0
19-08-29,21:26:15,24,70,0
19-08-29,21:26:30,23,70,0
19-08-29,21:26:45,24,70,0
19-08-29,21:27:00,24,70,0
19-08-29,21:27:15,23,70,0
19-08-29,21:27:30,23,70,0
19-08-29,21:27:45,23,70,0
19-08-29,21:28:00,23,70,0
19-08-29,21:28:15,23,70,0
19-08-29,21:28:30,23,70,0
19-08-29,21:28:45,23,70,0
19-08-29,21:29:00,23,70,0
19-08-29,21:29:15,23,70,0
19-08-29,21:29:30,23,70,0
19-08-29,21:29:45,23,70,0
19-08-29,21:30:00,23,70,0
19-08-29,21:30:15,23,70,0
19-08-29,21:30:30,23,69,0
19-08-29,21:30:45,23,69,0
19-08-29,21:31:00,23,70,0
19-08-29,21:31:15,23,69,0
19-08-29,21:31:30,23,69,0
19-08-29,21:31:45,23,69,0
19-08-29,21:32:00,23,69,0
19-08-29,21:32:15,23,70,0
19-08-29,21:32:30,23,70,0
19-08-29,21:32:45,23,70,0
19-08-29,21:33:00,23,70,0
19-08-29,21:33:15,23,70,0
19-08-29,21:33:30,23,70,0
19-08-29,21:33:45,23,70,0
19-08-29,21:34:00,23,70,0
19-08-29,21:34:15,23,70,0
19-08-29,21:34:30,23,70,0
19-08-29,21:34:45,23,71,0
19-08-29,21:35:00,23,70,0
19-08-29,21:35:15,23,70,0
19-08-29,21:35:30,23,70,0
19-08-29,21:35:45,23,70,0
19-08-29,21:36:00,23,70,0
19-08-29,21:36:15,23,70,0
19-08-29,21:36:30,23,70,0
19-08-29,21:36:45,23,70,0
19-08-29,21:37:00,23,70,0
19-08-29,21:37:15,23,70,0
19-08-29,21:37:30,23,70,0
19-08-29,21:37:45,23,70,0
19-08-29,21:38:00,23,70,0
19-08-29,21:38:15,23,71,0
19-08-29,21:38:30,23,71,0
19-08-29,21:38:45,23,71,0
19-08-29,21:39:00,23,71,0
19-08-29,21:39:15,23,71,0
19-08-29,21:39:30,23,70,0
19-08-29,21:39:45,23,71,0
19-08-29,21:40:00,23,71,0
19-08-29,21:40:15,23,71,0
19-08-29,21:40:30,23,70,0
19-08-29,21:40:45,23,70,0
19-08-29,21:41:00,23,70,0
19-08-29,21:41:15,23,70,0
19-08-29,21:41:30,23,70,0
19-08-29,21:41:45,23,70,0
19-08-29,21:42:00,23,70,0
19-08-29,21:42:15,23,70,0
19-08-29,21:42:30,23,70,0
19-08-29,21:42:45,23,70,0
19-08-29,21:43:00,23,70,0
19-08-29,21:43:15,23,70,0
19-08-29,21:43:30,23,70,0
19-08-29,21:43:45,23,71,0
19-08-29,21:44:00,23,70,0
19-08-29,21:44:15,23,71,0
19-08-29,21:44:30,23,71,0
19-08-29,21:44:45,23,70,0
19-08-29,21:45:00,23,70,0
19-08-29,21:45:15,23,71,0
19-08-29,21:45:30,23,71,0
19-08-29,21:45:45,23,71,0
19-08-29,21:46:00,23,71,0
19-08-29,21:46:15,23,71,0
19-08-29,21:46:30,23,71,0
19-08-29,21:46:45,23,71,0
19-08-29,21:47:00,23,71,0
19-08-29,21:47:15,23,71,0
19-08-29,21:47:30,23,71,0
19-08-29,21:47:45,23,71,0
19-08-29,21:48:00,23,71,0
19-08-29,21:48:15,23,71,0
19-08-29,21:48:30,23,71,0
19-08-29,21:48:45,23,70,0
19-08-29,21:49:00,23,70,0
19-08-29,21:49:15,23,70,0
19-08-29,21:49:30,23,71,0
19-08-29,21:49:45,23,71,0
19-08-29,21:50:00,23,71,0
19-08-29,21:50:15,23,70,0
19-08-29,21:50:30,23,70,0
19-08-29,21:50:45,23,71,0
19-08-29,21:51:00,23,71,0
19-08-29,21:51:15,23,70,0
19-08-29,21:51:30,23,70,0
19-08-29,21:51:45,23,71,0
19-08-29,21:52:00,23,71,0
19-08-29,21:52:15,23,71,0
19-08-29,21:52:30,23,71,0
19-08-29,21:52:45,23,71,0
19-08-29,21:53:00,23,71,0
19-08-29,21:53:15,23,71,0
19-08-29,21:53:30,23,71,0
19-08-29,21:53:45,23,71,0
19-08-29,21:54:00,23,71,0
19-08-29,21:54:15,23,71,0
19-08-29,21:54:30,23,71,0
19-08-29,21:54:45,23,71,0
19-08-29,21:55:00,23,71,0
19-08-29,21:55:15,23,71,0
19-08-29,21:55:30,23,71,0
19-08-29,21:55:45,23,71,0
19-08-29,21:56:00,23,71,0
19-08-29,21:56:15,23,71,0
19-08-29,21:56:30,23,71,0
19-08-29,21:56:45,23,71,0
19-08-29,21:57:00,23,71,0
19-08-29,21:57:15,23,71,0
19-08-29,21:57:30,23,71,0
19-08-29,21:57:45,23,71,0
19-08-29,21:58:00,23,71,0
19-08-29,21:58:15,23,71,0
19-08-29,21:58:30,23,71,0
19-08-29,21:58:45,23,71,0
19-08-29,21:59:00,23,71,0
19-08-29,21:59:15,23,71,0
19-08-29,21:59:30,23,71,0
19-08-29,21:59:45,23,71,0
19-08-29,22:00:00,23,71,0
19-08-29,22:00:15,23,71,0
19-08-29,22:00:30,23,72,0
19-08-29,22:00:45,23,72,0
19-08-29,22:01:00,23,72,0
19-08-29,22:01:15,23,72,0
19-08-29,22:01:30,23,72,0
19-08-29,22:01:45,23,72,0
19-08-29,22:02:00,23,71,0
19-08-29,22:02:15,23,72,0
19-08-29,22:02:30,23,72,0
19-08-29,22:03:00,23,72,1
19-08-29,22:03:15,23,72,0
19-08-29,22:03:30,23,71,0
19-08-29,22:03:45,23,71,0
19-08-29,22:04:00,23,72,0
19-08-29,22:04:15,23,72,0
19-08-29,22:04:30,23,72,0
19-08-29,22:04:45,23,72,0
19-08-29,22:05:00,23,72,0
19-08-29,22:05:15,23,72,0
19-08-29,22:05:30,23,72,0
19-08-29,22:05:45,23,72,0
19-08-29,22:06:00,23,72,0
19-08-29,22:06:15,23,72,0
19-08-29,22:06:30,23,72,0
19-08-29,22:06:45,23,72,0
19-08-29,22:07:00,23,72,0
19-08-29,22:07:15,23,72,0
19-08-29,22:07:30,23,72,0
19-08-29,22:07:45,23,72,0
19-08-29,22:08:00,23,72,0
19-08-29,22:08:15,23,72,0
19-08-29,22:08:30,23,72,0
19-08-29,22:08:45,23,72,0
19-08-29,22:09:00,23,72,0
19-08-29,22:09:15,23,71,0
19-08-29,22:09:30,23,72,0
19-08-29,22:09:45,23,72,0
19-08-29,22:10:00,23,72,0
19-08-29,22:10:15,23,71,0
19-08-29,22:10:30,23,71,0
19-08-29,22:10:45,23,71,0
19-08-29,22:11:00,23,71,0
19-08-29,22:11:15,23,71,0
19-08-29,22:11:30,23,71,0
19-08-29,22:11:45,23,70,0
19-08-29,22:12:00,23,70,0
19-08-29,22:12:15,23,71,0
19-08-29,22:12:30,23,71,0
19-08-29,22:12:45,23,72,0
19-08-29,22:13:00,23,71,0
19-08-29,22:13:15,23,71,0
19-08-29,22:13:30,23,71,0
19-08-29,22:13:45,23,71,0
19-08-29,22:14:00,23,72,0
19-08-29,22:14:15,23,72,0
19-08-29,22:14:30,23,72,0
19-08-29,22:14:45,23,72,0
19-08-29,22:15:00,23,72,0
19-08-29,22:15:15,23,72,0
19-08-29,22:15:30,23,73,0
19-08-29,22:15:45,23,72,0
19-08-29,22:16:00,23,73,0
19-08-29,22:16:15,23,73,0
19-08-29,22:16:30,23,73,0
19-08-29,22:16:45,23,74,0
19-08-29,22:17:00,23,74,0
19-08-29,22:17:15,23,74,0
19-08-29,22:17:30,23,74,0
19-08-29,22:17:45,23,74,0
19-08-29,22:18:00,23,74,0
19-08-29,22:18:15,23,74,0
19-08-29,22:18:30,23,74,0
19-08-29,22:18:45,23,74,0
19-08-29,22:19:00,23,74,0
19-08-29,22:19:15,23,74,0
19-08-29,22:19:30,23,74,0
19-08-29,22:19:45,23,74,0
19-08-29,22:20:00,23,74,0
19-08-29,22:20:15,23,73,0
19-08-29,22:20:30,23,73,0
19-08-29,22:20:45,23,74,0
19-08-29,22:21:00,23,74,0
19-08-29,22:21:15,23,74,0
19-08-29,22:21:30,23,74,0
19-08-29,22:21:45,23,74,0
19-08-29,22:22:00,23,74,0
19-08-29,22:22:15,23,74,0
19-08-29,22:22:30,23,74,0
19-08-29,22:22:45,23,74,0
19-08-29,22:23:00,23,74,0
19-08-29,22:23:15,23,74,0
19-08-29,22:23:30,23,74,0
19-08-29,22:23:45,23,74,0
19-08-29,22:24:00,23,74,0
19-08-29,22:24:15,23,74,0
19-08-29,22:24:30,23,74,0
19-08-29,22:24:45,23,74,0
19-08-29,22:25:00,23,75,0
19-08-29,22:25:15,23,75,0
19-08-29,22:25:30,23,75,0
19-08-29,22:25:45,23,75,1
19-08-29,22:26:00,23,75,0
19-08-29,22:26:15,23,75,0
19-08-29,22:26:30,23,75,0
19-08-29,22:26:45,23,74,0
19-08-29,22:27:00,23,74,0
19-08-29,22:27:15,23,74,0
19-08-29,22:27:30,23,74,0
19-08-29,22:27:45,23,74,0
19-08-29,22:28:00,23,74,0
19-08-29,22:28:15,23,74,0
19-08-29,22:28:30,23,74,0
19-08-29,22:28:45,23,74,0
19-08-29,22:29:00,23,74,0
19-08-29,22:29:15,23,74,0
19-08-29,22:29:30,23,74,0
19-08-29,22:29:45,23,74,0
19-08-29,22:30:00,23,74,0
19-08-29,22:30:15,23,73,0
19-08-29,22:30:30,23,73,0
19-08-29,22:30:45,23,74,0
19-08-29,22:31:00,23,74,0
19-08-29,22:31:15,23,74,0
19-08-29,22:31:30,23,74,0
19-08-29,22:31:45,23,74,0
19-08-29,22:32:00,23,74,0
19-08-29,22:32:15,23,74,0
19-08-29,22:32:30,23,74,0
19-08-29,22:32:45,23,74,0
19-08-29,22:33:00,23,74,0
19-08-29,22:33:15,23,74,0
19-08-29,22:33:30,23,74,0
19-08-29,22:33:45,23,74,0
19-08-29,22:34:00,23,74,0
19-08-29,22:34:15,23,74,0
19-08-29,22:34:30,23,74,1
19-08-29,22:34:45,22,74,1
19-08-29,22:35:00,22,74,0
19-08-29,22:35:15,22,74,1
19-08-29,22:35:30,22,74,1
19-08-29,22:35:45,22,74,1
19-08-29,22:36:00,22,74,0
19-08-29,22:36:15,22,74,0
19-08-29,22:36:30,22,74,0
19-08-29,22:36:45,22,74,0
19-08-29,22:37:00,22,74,0
19-08-29,22:37:15,22,74,0
19-08-29,22:37:30,22,74,0
19-08-29,22:37:45,22,74,0
19-08-29,22:38:00,22,74,0
19-08-29,22:38:15,22,74,0
19-08-29,22:38:30,22,74,0
19-08-29,22:38:45,22,74,0
19-08-29,22:39:00,22,74,0
19-08-29,22:39:15,22,74,0
19-08-29,22:39:30,22,74,0
19-08-29,22:39:45,22,74,0
19-08-29,22:40:00,22,74,0
19-08-29,22:40:15,22,74,0
19-08-29,22:40:30,22,74,0
19-08-29,22:40:45,22,74,0
19-08-29,22:41:00,22,74,0
19-08-29,22:41:15,22,73,0
19-08-29,22:41:30,22,72,0
19-08-29,22:41:45,22,72,0
19-08-29,22:42:00,22,72,0
19-08-29,22:42:15,22,72,0
19-08-29,22:42:30,22,72,0
19-08-29,22:42:45,22,72,0
19-08-29,22:43:00,22,72,0
19-08-29,22:43:15,22,72,0
19-08-29,22:43:30,22,72,0
19-08-29,22:43:45,22,72,0
19-08-29,22:44:00,22,72,0
19-08-29,22:44:15,22,72,0
19-08-29,22:44:30,22,72,0
19-08-29,22:44:45,22,72,0
19-08-29,22:45:00,22,72,0
19-08-29,22:45:15,22,72,0
19-08-29,22:45:30,22,72,0
19-08-29,22:45:45,22,72,0
19-08-29,22:46:00,22,72,0
19-08-29,22:46:15,22,72,0
19-08-29,22:46:30,22,71,0
19-08-29,22:46:45,22,71,0
19-08-29,22:47:00,22,71,0
19-08-29,22:47:15,22,71,0
19-08-29,22:47:30,22,71,0
19-08-29,22:47:45,22,70,0
19-08-29,22:48:00,22,70,0
19-08-29,22:48:15,22,70,0
19-08-29,22:48:30,22,70,0
19-08-29,22:48:45,22,70,0
19-08-29,22:49:00,22,70,0
19-08-29,22:49:15,22,70,0
19-08-29,22:49:30,22,70,0
19-08-29,22:49:45,22,70,0
19-08-29,22:50:00,22,70,0
19-08-29,22:50:15,22,70,0
19-08-29,22:50:30,22,69,0
19-08-29,22:50:45,22,69,0
19-08-29,22:51:00,22,69,0
19-08-29,22:51:15,22,69,0
19-08-29,22:51:30,22,69,0
19-08-29,22:51:45,22,69,0
19-08-29,22:52:00,22,69,0
19-08-29,22:52:15,22,69,0
19-08-29,22:52:30,22,69,0
19-08-29,22:52:45,22,69,0
19-08-29,22:53:00,22,69,0
19-08-29,22:53:15,22,69,0
19-08-29,22:53:30,22,69,0
19-08-29,22:53:45,22,69,0
19-08-29,22:54:00,22,69,0
19-08-29,22:54:15,22,69,0
19-08-29,22:54:30,22,69,0
19-08-29,22:54:45,22,69,0
19-08-29,22:55:00,22,69,0
19-08-29,22:55:15,22,69,0
19-08-29,22:55:30,22,69,0
19-08-29,22:55:45,22,69,0
19-08-29,22:56:00,22,69,0
19-08-29,22:56:15,22,69,0
19-08-29,22:56:30,22,69,0
19-08-29,22:56:45,22,69,0
19-08-29,22:57:00,22,69,0
19-08-29,22:57:15,22,69,0
19-08-29,22:57:30,22,69,0
19-08-29,22:57:45,22,69,0
19-08-29,22:58:00,22,69,0
19-08-29,22:58:15,22,69,0
19-08-29,22:58:30,22,69,0
19-08-29,22:58:45,22,69,0
19-08-29,22:59:00,22,69,0
19-08-29,22:59:15,22,69,0
19-08-29,22:59:30,22,69,0
19-08-29,22:59:45,22,69,0
19-08-29,23:00:00,22,69,0
19-08-29,23:00:15,22,69,0
19-08-29,23:00:30,22,69,0
19-08-29,23:00:45,22,69,0
19-08-29,23:01:00,22,69,0
19-08-29,23:01:15,22,69,0
19-08-29,23:01:30,22,69,0
19-08-29,23:01:45,22,69,0
19-08-29,23:02:00,22,69,0
19-08-29,23:02:15,22,69,0
19-08-29,23:02:30,22,68,0
19-08-29,23:02:45,22,68,0
19-08-29,23:03:00,22,67,0
19-08-29,23:03:15,22,67,0
19-08-29,23:03:30,22,66,0
19-08-29,23:03:45,22,66,0
19-08-29,23:04:00,22,66,0
19-08-29,23:04:15,22,66,0
19-08-29,23:04:30,22,65,0
19-08-29,23:04:45,22,65,0
19-08-29,23:05:00,22,65,0
19-08-29,23:05:15,22,65,0
19-08-29,23:05:30,22,65,0
19-08-29,23:05:45,22,64,0
19-08-29,23:06:00,22,64,0
19-08-29,23:06:15,22,64,0
19-08-29,23:06:30,22,64,0
19-08-29,23:06:45,22,64,0
19-08-29,23:07:00,22,64,0
19-08-29,23:07:15,22,64,0
19-08-29,23:07:30,22,64,0
19-08-29,23:07:45,22,64,0
19-08-29,23:08:00,22,64,0
19-08-29,23:08:15,22,64,0
19-08-29,23:08:30,22,64,0
19-08-29,23:08:45,22,64,0
19-08-29,23:09:00,22,64,0
19-08-29,23:09:15,22,64,0
19-08-29,23:09:30,22,64,0
19-08-29,23:09:45,22,64,0
19-08-29,23:10:00,22,64,0
19-08-29,23:10:15,22,64,0
19-08-29,23:10:30,22,64,0
19-08-29,23:10:45,22,64,0
19-08-29,23:11:00,22,64,0
19-08-29,23:11:15,22,64,0
19-08-29,23:11:30,22,64,0
19-08-29,23:11:45,22,64,0
19-08-29,23:12:00,22,64,0
19-08-29,23:12:15,22,64,0
19-08-29,23:12:30,22,64,0
19-08-29,23:12:45,22,64,0
19-08-29,23:13:00,22,64,0
19-08-29,23:13:15,22,65,0
19-08-29,23:13:30,22,65,0
19-08-29,23:13:45,22,65,0
19-08-29,23:14:00,22,65,0
19-08-29,23:14:15,22,65,0
19-08-29,23:14:30,22,65,0
19-08-29,23:14:45,22,65,0
19-08-29,23:15:00,22,65,0
19-08-29,23:15:15,22,65,0
19-08-29,23:15:30,22,65,0
19-08-29,23:15:45,22,65,0
19-08-29,23:16:00,22,65,0
19-08-29,23:16:15,22,65,0
19-08-29,23:16:30,22,65,0
19-08-29,23:16:45,22,65,0
19-08-29,23:17:00,22,65,0
19-08-29,23:17:15,22,66,0
19-08-29,23:17:30,22,66,0
19-08-29,23:17:45,22,66,0
19-08-29,23:18:00,22,66,0
19-08-29,23:18:15,22,66,0
19-08-29,23:18:30,22,66,0
19-08-29,23:18:45,22,66,0
19-08-29,23:19:00,22,67,0
19-08-29,23:19:15,22,67,0
19-08-29,23:19:30,22,67,0
19-08-29,23:19:45,22,67,0
19-08-29,23:20:00,22,67,0
19-08-29,23:20:15,22,67,0
19-08-29,23:20:30,22,67,0
19-08-29,23:20:45,22,67,0
19-08-29,23:21:00,22,67,0
19-08-29,23:21:15,22,68,0
19-08-29,23:21:30,22,68,0
19-08-29,23:21:45,22,68,0
19-08-29,23:22:00,22,68,0
19-08-29,23:22:15,22,68,0
19-08-29,23:22:30,22,68,0
19-08-29,23:22:45,22,68,0
19-08-29,23:23:00,22,68,0
19-08-29,23:23:15,22,68,0
19-08-29,23:23:30,22,68,0
19-08-29,23:23:45,22,68,0
19-08-29,23:24:00,22,68,0
19-08-29,23:24:15,22,68,0
19-08-29,23:24:30,22,68,0
19-08-29,23:24:45,22,68,0
19-08-29,23:25:00,22,68,0
19-08-29,23:25:15,22,68,0
19-08-29,23:25:30,22,68,0
19-08-29,23:25:45,22,68,0
19-08-29,23:26:00,22,68,0
19-08-29,23:26:15,22,68,0
19-08-29,23:26:30,22,68,0
19-08-29,23:26:45,22,68,0
19-08-29,23:27:00,22,68,0
19-08-29,23:27:15,22,68,0
19-08-29,23:27:30,22,68,0
19-08-29,23:27:45,22,68,0
19-08-29,23:28:00,22,67,0
19-08-29,23:28:15,22,67,0
19-08-29,23:28:30,22,68,0
19-08-29,23:28:45,22,68,0
19-08-29,23:29:00,22,68,0
19-08-29,23:29:15,22,67,0
19-08-29,23:29:30,22,68,0
19-08-29,23:29:45,22,68,0
19-08-29,23:30:00,22,67,0
19-08-29,23:30:15,22,67,0
19-08-29,23:30:30,22,67,0
19-08-29,23:30:45,22,67,0
19-08-29,23:31:00,22,67,0
19-08-29,23:31:15,22,67,0
19-08-29,23:31:30,22,67,0
19-08-29,23:31:45,22,67,0
19-08-29,23:32:00,22,66,0
19-08-29,23:32:15,22,66,0
19-08-29,23:32:30,22,66,0
19-08-29,23:32:45,22,66,0
19-08-29,23:33:00,22,66,0
19-08-29,23:33:15,22,66,0
19-08-29,23:33:30,21,65,0
19-08-29,23:33:45,21,65,0
19-08-29,23:34:00,21,65,0
19-08-29,23:34:15,21,65,0
19-08-29,23:34:30,21,65,0
19-08-29,23:34:45,21,65,0
19-08-29,23:35:00,21,65,0
19-08-29,23:35:15,21,65,0
19-08-29,23:35:30,21,65,0
19-08-29,23:35:45,21,65,0
19-08-29,23:36:00,21,65,0
19-08-29,23:36:15,21,65,0
19-08-29,23:36:30,21,65,0
19-08-29,23:36:45,21,65,0
19-08-29,23:37:00,21,65,0
19-08-29,23:37:15,21,65,0
19-08-29,23:37:30,21,65,0
19-08-29,23:37:45,21,65,0
19-08-29,23:38:00,21,65,0
19-08-29,23:38:15,21,65,0
19-08-29,23:38:30,21,65,0
19-08-29,23:38:45,21,65,0
19-08-29,23:39:00,21,65,0
19-08-29,23:39:15,21,65,0
19-08-29,23:39:30,21,65,0
19-08-29,23:39:45,21,65,0
19-08-29,23:40:00,21,65,0
19-08-29,23:40:15,21,65,0
19-08-29,23:40:30,21,65,0
19-08-29,23:40:45,21,66,0
19-08-29,23:41:00,21,66,0
19-08-29,23:41:15,21,66,0
19-08-29,23:41:30,21,66,0
19-08-29,23:41:45,21,66,0
19-08-29,23:42:00,21,66,0
19-08-29,23:42:15,21,66,0
19-08-29,23:42:30,21,66,0
19-08-29,23:42:45,21,66,0
19-08-29,23:43:00,21,66,0
19-08-29,23:43:15,21,66,0
19-08-29,23:43:30,21,66,0
19-08-29,23:43:45,21,66,0
19-08-29,23:44:00,21,66,0
19-08-29,23:44:15,21,66,0
19-08-29,23:44:30,21,66,0
19-08-29,23:44:45,21,65,0
19-08-29,23:45:00,21,65,0
19-08-29,23:45:15,21,65,0
19-08-29,23:45:30,21,65,0
19-08-29,23:45:45,21,65,0
19-08-29,23:46:00,21,65,0
19-08-29,23:46:15,21,65,0
19-08-29,23:46:30,21,65,0
19-08-29,23:46:45,21,65,0
19-08-29,23:47:00,21,65,0
19-08-29,23:47:15,21,65,0
19-08-29,23:47:30,21,65,0
19-08-29,23:47:45,21,65,0
19-08-29,23:48:00,21,65,0
19-08-29,23:48:15,21,65,0
19-08-29,23:48:30,21,65,0
19-08-29,23:48:45,21,65,0
19-08-29,23:49:00,21,65,0
19-08-29,23:49:15,21,65,0
19-08-29,23:49:30,21,65,0
19-08-29,23:49:45,21,65,0
19-08-29,23:50:00,21,65,0
19-08-29,23:50:15,21,65,0
19-08-29,23:50:30,21,65,0
19-08-29,23:50:45,21,65,0
19-08-29,23:51:00,21,65,0
19-08-29,23:51:15,21,65,0
19-08-29,23:51:30,21,65,0
19-08-29,23:51:45,21,65,0
19-08-29,23:52:00,21,65,0
19-08-29,23:52:15,21,65,0
19-08-29,23:52:30,21,66,0
19-08-29,23:52:45,21,66,0
19-08-29,23:53:00,21,65,0
19-08-29,23:53:15,21,65,0
19-08-29,23:53:30,21,66,0
19-08-29,23:53:45,21,65,0
19-08-29,23:54:00,21,65,0
19-08-29,23:54:15,21,65,0
19-08-29,23:54:30,21,65,0
19-08-29,23:54:45,21,65,0
19-08-29,23:55:00,21,65,0
19-08-29,23:55:15,21,65,0
19-08-29,23:55:30,21,65,0
19-08-29,23:55:45,21,66,0
19-08-29,23:56:00,21,66,0
19-08-29,23:56:15,21,65,0
19-08-29,23:56:30,21,65,0
19-08-29,23:56:45,21,65,0
19-08-29,23:57:00,21,65,0
19-08-29,23:57:15,21,65,0
19-08-29,23:57:30,21,65,0
19-08-29,23:57:45,21,66,0
19-08-29,23:58:00,21,65,0
19-08-29,23:58:15,21,66,0
19-08-29,23:58:30,21,66,0
19-08-29,23:58:45,21,66,0
19-08-29,23:59:00,21,66,0
19-08-29,23:59:15,21,66,0
19-08-29,23:59:30,21,66,0
19-08-29,23:59:45,21,66,0
19-08-30,00:00:00,21,65,0
